32 0.2625 0.40145985401459855 0.0659090909090909 0.12408759124087591
32 0.03977272727272727 0.44343065693430656 0.07045454545454545 0.12408759124087591
32 0.1943181818181818 0.45985401459854014 0.05454545454545454 0.10583941605839416
32 0.4693181818181818 0.4908759124087591 0.14772727272727273 0.4343065693430657
32 0.11931818181818182 0.5 0.06818181818181818 0.12043795620437957
32 0.04090909090909091 0.5109489051094891 0.07272727272727272 0.10583941605839416
32 0.25113636363636366 0.5529197080291971 0.10909090909090909 0.19343065693430658
32 0.3488636363636364 0.5656934306569343 0.075 0.10948905109489052
32 0.7875 0.6040145985401459 0.10681818181818181 0.12408759124087591
32 0.1431818181818182 0.6186131386861314 0.0659090909090909 0.13503649635036497
32 0.9363636363636364 0.6259124087591241 0.10681818181818181 0.23357664233576642
32 0.18636363636363637 0.6551094890510949 0.05909090909090909 0.11313868613138686
32 0.7090909090909091 0.656934306569343 0.14772727272727273 0.22262773722627738
32 0.7159090909090909 0.7481751824817519 0.11818181818181818 0.18613138686131386
32 0.07386363636363637 0.7718978102189781 0.14545454545454545 0.44525547445255476
32 0.8238636363636364 0.7718978102189781 0.12727272727272726 0.40145985401459855
32 0.3397727272727273 0.7755474452554745 0.1318181818181818 0.28832116788321166
32 0.9375 0.7773722627737226 0.125 0.44525547445255476
32 0.8795454545454545 0.7846715328467153 0.18409090909090908 0.4306569343065693
32 0.3886363636363636 0.8138686131386861 0.23636363636363636 0.3722627737226277
32 0.9545454545454546 0.8521897810218978 0.08863636363636364 0.2956204379562044
32 0.6272727272727273 0.8558394160583942 0.10454545454545454 0.21532846715328466
32 0.2340909090909091 0.8576642335766423 0.23636363636363636 0.28102189781021897
32 0.07954545454545454 0.8923357664233577 0.15454545454545454 0.21532846715328466
32 0.7272727272727273 0.9014598540145985 0.15454545454545454 0.19343065693430658
32 0.43068181818181817 0.9032846715328468 0.16818181818181818 0.19343065693430658
32 0.09431818181818181 0.958029197080292 0.17272727272727273 0.08029197080291971
32 0.6068181818181818 0.9635036496350365 0.175 0.072992700729927