32 0.9694793536804309 0.3641114982578397 0.06104129263913824 0.2578397212543554
32 0.9326750448833034 0.44773519163763065 0.07540394973070018 0.3240418118466899
32 0.06552962298025135 0.5871080139372822 0.118491921005386 0.7177700348432056
32 0.6912028725314183 0.5958188153310104 0.1400359066427289 0.7979094076655052
32 0.5727109515260324 0.6097560975609756 0.15978456014362658 0.7804878048780488
32 0.42908438061041293 0.6132404181184669 0.11669658886894076 0.7735191637630662
32 0.8707360861759426 0.6149825783972126 0.25493716337522443 0.7421602787456446
32 0.2621184919210054 0.6236933797909407 0.18491921005385997 0.7526132404181185
32 0.585278276481149 0.11846689895470383 0.07360861759425494 0.2229965156794425
32 0.10682226211849193 0.13066202090592335 0.04308797127468582 0.21254355400696864
32 0.3303411131059246 0.13588850174216027 0.03052064631956912 0.10801393728222997
32 0.1867145421903052 0.13763066202090593 0.03052064631956912 0.1289198606271777
32 0.29353680430879714 0.156794425087108 0.04129263913824058 0.07665505226480836
32 0.21903052064631956 0.16898954703832753 0.03770197486535009 0.1289198606271777
32 0.3734290843806104 0.16898954703832753 0.03770197486535009 0.10801393728222997
32 0.02872531418312388 0.17073170731707318 0.05745062836624776 0.1602787456445993
32 0.39676840215439857 0.17247386759581881 0.019748653500897665 0.10801393728222997
32 0.25314183123877915 0.20557491289198607 0.04488330341113106 0.09407665505226481
32 0.4254937163375224 0.22473867595818817 0.04847396768402154 0.10801393728222997
32 0.5691202872531418 0.2508710801393728 0.04129263913824058 0.1254355400696864
32 0.13824057450628366 0.25261324041811845 0.06463195691202872 0.27526132404181186
32 0.8904847396768402 0.2665505226480836 0.03590664272890485 0.10801393728222997
32 0.49371633752244165 0.2804878048780488 0.06283662477558348 0.22996515679442509
32 0.8420107719928187 0.2804878048780488 0.03770197486535009 0.10104529616724739
32 0.6346499102333932 0.2857142857142857 0.04308797127468582 0.23693379790940766
32 0.3096947935368043 0.3153310104529617 0.06642728904847396 0.2508710801393728