32 0.008939213349225268 0.2767857142857143 0.017878426698450536 0.10178571428571428
32 0.04529201430274136 0.2892857142857143 0.04767580452920143 0.09107142857142857
32 0.17163289630512515 0.3151785714285714 0.06197854588796186 0.1125
32 0.08343265792610251 0.3294642857142857 0.04886769964243146 0.10535714285714286
32 0.4195470798569726 0.35714285714285715 0.03694874851013111 0.09821428571428571
32 0.1436233611442193 0.3732142857142857 0.03814064362336114 0.09464285714285714
32 0.38259833134684146 0.375 0.025029797377830752 0.07678571428571429
32 0.5083432657926102 0.38660714285714287 0.04767580452920143 0.10178571428571428
32 0.5905840286054828 0.38660714285714287 0.06197854588796186 0.09464285714285714
32 0.4547079856972586 0.3892857142857143 0.04410011918951132 0.1
32 0.3504171632896305 0.4107142857142857 0.03218116805721097 0.05357142857142857
32 0.11501787842669844 0.4276785714285714 0.07151370679380215 0.1625
32 0.767580452920143 0.44285714285714284 0.0631704410011919 0.1
32 0.7056019070321812 0.45535714285714285 0.08104886769964244 0.15178571428571427
32 0.9052443384982122 0.47232142857142856 0.03694874851013111 0.06964285714285715
32 0.8605482717520858 0.475 0.03694874851013111 0.11607142857142858
32 0.07091775923718713 0.5089285714285714 0.14064362336114422 0.3678571428571429
32 0.7794994040524433 0.5276785714285714 0.05959475566150179 0.11785714285714285
32 0.9255065554231228 0.5473214285714286 0.11680572109654351 0.1625
32 0.6185935637663885 0.5669642857142857 0.12276519666269368 0.21964285714285714
32 0.25685339690107273 0.6017857142857143 0.27532777115613827 0.5053571428571428
32 0.4934445768772348 0.60625 0.21930870083432658 0.29464285714285715
32 0.7574493444576877 0.625 0.15137067938021453 0.21964285714285714