21 0.14177777777777778 0.10164201183431952 0.22355555555555554 0.11849112426035502
21 0.14307777777777775 0.015340236686390531 0.2861444444444444 0.030665680473372783
21 0.37694444444444447 0.05183431952662722 0.1531555555555556 0.10366863905325444
21 0.654511111111111 0.04887573964497041 0.34161111111111114 0.09775147928994082
21 0.9472222222222222 0.04659763313609468 0.10555555555555556 0.09319526627218935
21 0.45674444444444445 0.16674556213017752 0.3312777777777777 0.11060650887573961
21 0.8167222222222221 0.1637869822485207 0.3549222222222223 0.10468934911242601
21 0.3275 0.2762278106508876 0.2431555555555556 0.11261834319526627
21 0.5461888888888888 0.285103550295858 0.15831111111111107 0.11065088757396452
21 0.6802555555555556 0.2875739644970414 0.08570000000000012 0.10572485207100588
21 0.8117222222222221 0.28436390532544376 0.1634555555555557 0.10424556213017747
21 0.9520333333333334 0.2762278106508876 0.09592222222222214 0.11261834319526627
21 0.2336222222222222 0.46562130177514793 0.31835555555555556 0.19553254437869827
21 0.5089777777777779 0.41332840236686397 0.16165555555555564 0.11069526627218937
21 0.4802777777777778 0.5235502958579882 0.15979999999999994 0.099378698224852
21 0.7809777777777778 0.41013313609467456 0.3464111111111111 0.10921597633136096
21 0.9798111111111112 0.3982840236686391 0.040366666666666585 0.10526627218934907
21 0.6523000000000001 0.5215828402366863 0.15941111111111114 0.09542899408284022
21 0.8511666666666666 0.5307100591715976 0.2089999999999999 0.08902366863905319
21 0.9777777777777777 0.5177514792899408 0.044444444444444446 0.09467455621301775
21 0.30435555555555555 0.6451331360946746 0.2746444444444444 0.12062130177514788
21 0.5349 0.6431508875739644 0.16905555555555554 0.11668639053254437
21 0.7200666666666666 0.6362426035502959 0.1690222222222221 0.12260355029585798
21 0.9075888888888889 0.6438905325443787 0.18481111111111104 0.10335798816568048
21 0.02383333333333333 0.7844526627218934 0.04766666666666666 0.1576627218934911
21 0.16992222222222222 0.7921005917159764 0.22058888888888886 0.15815088757396453
21 0.476 0.7676775147928995 0.36978888888888883 0.10439349112426026
21 0.7122888888888889 0.7563313609467455 0.07199999999999995 0.11128698224852074
21 0.8341333333333334 0.7570710059171597 0.160111111111111 0.09797337278106512
21 0.9603666666666667 0.7627514792899408 0.07925555555555547 0.11424556213017754
21 0.4230555555555556 0.8885059171597633 0.18239999999999995 0.1192307692307691
21 0.5632333333333333 0.8764201183431953 0.07386666666666662 0.0999852071005916
21 0.16825555555555557 0.9452662721893491 0.33651111111111115 0.10946745562130178
21 0.7793111111111111 0.8638461538461539 0.33196666666666663 0.10934911242603561
21 0.9777777777777777 0.871301775147929 0.044444444444444446 0.13609467455621302
21 0.8194444444444444 0.9637573964497042 0.3611111111111111 0.0695266272189349