21 0.075 0.07388888888888889 0.15 0.12555555555555556
21 0.377575 0.05783333333333333 0.3611583333333333 0.11565555555555555
21 0.7148916666666667 0.05605555555555556 0.23577500000000004 0.11210000000000002
21 0.9285 0.060500000000000005 0.14299999999999993 0.12098888888888891
21 0.07375 0.23444444444444446 0.1475 0.14444444444444443
21 0.311925 0.23229999999999998 0.22318333333333337 0.14372222222222225
21 0.5629000000000001 0.2125222222222222 0.2251333333333334 0.14415555555555554
21 0.8043833333333333 0.20829999999999999 0.23809999999999992 0.14904444444444442
21 0.9710000000000001 0.2185222222222222 0.05799999999999993 0.14282222222222224
21 0.034166666666666665 0.40944444444444444 0.06833333333333333 0.15222222222222223
21 0.20826666666666663 0.40255555555555556 0.24919166666666664 0.1375444444444444
21 0.45840833333333336 0.4023333333333334 0.22615833333333338 0.1593333333333333
21 0.7070583333333333 0.39009999999999995 0.23011666666666655 0.13043333333333332
21 0.926 0.3801 0.14799999999999994 0.1504333333333333
21 0.10644166666666667 0.5843555555555555 0.21288333333333334 0.13671111111111106
21 0.34491666666666665 0.5728 0.21584166666666665 0.1313777777777778
21 0.6030666666666666 0.5594666666666667 0.2221333333333333 0.14026666666666668
21 0.9794201283333333 0.6278181677777778 0.9594234483333334 0.48910809666666666 0.9100983458333334 0.4659896955555555 0.7303333025 0.5048888822222222 0.75279109 0.6278181677777778 0.9794201283333333 0.6278181677777778
21 0.045116666666666666 0.7659444444444444 0.09023333333333333 0.15766666666666676
21 0.2515916666666667 0.7732777777777778 0.21585833333333332 0.150111111111111
21 0.488575 0.7494888888888889 0.22981666666666664 0.1478888888888888
21 0.75105 0.7646111111111111 0.224775 0.1461111111111111
21 0.9501666666666667 0.7548333333333334 0.09966666666666658 0.1621000000000001
21 0.09310833333333333 0.9524444444444445 0.18621666666666667 0.09511111111111101
21 0.33425 0.9513333333333334 0.24784166666666674 0.09733333333333323
21 0.6022333333333333 0.9502222222222223 0.2504583333333333 0.09955555555555545
21 0.8751666666666668 0.9413333333333334 0.2496666666666666 0.11733333333333323