21 0.04843505859375 0.012472527472527471 0.09686767578125 0.024941391941391944
21 0.1582275390625 0.011527472527472528 0.10610595703124999 0.023054945054945056
21 0.2711181640625 0.012637362637362638 0.104248046875 0.025274725274725275
21 0.3892822265625 0.011904761904761904 0.110107421875 0.023809523809523808
21 0.50537109375 0.011904761904761904 0.10693359375 0.023809523809523808
21 0.624755859375 0.011904761904761904 0.11083984375 0.023809523809523808
21 0.7485791015625 0.01076190476190476 0.11282470703125003 0.02152380952380952
21 0.8677978515625 0.011904761904761904 0.110107421875 0.023809523809523808
21 0.966064453125 0.01446886446886447 0.0673828125 0.02893772893772894
21 0.027109375 0.05707326007326007 0.05421875 0.04942124542124541
21 0.115302734375 0.05707326007326007 0.10844726562500001 0.04942124542124541
21 0.2335009765625 0.06011721611721612 0.10778564453125 0.045897435897435904
21 0.350205078125 0.0597985347985348 0.1169482421875 0.05166666666666667
21 0.46605712890625006 0.05995970695970696 0.10731933593750004 0.04878021978021976
21 0.58329345703125 0.05995970695970696 0.11541503906249995 0.04878021978021976
21 0.701171875 0.06284249084249084 0.11197998046875002 0.04814285714285715
21 0.822041015625 0.06124175824175824 0.11452148437499998 0.05134432234432233
21 0.94112060546875 0.06396336996336996 0.11775878906250004 0.053589743589743596
21 0.0501708984375 0.11892673992673994 0.100341796875 0.051362637362637374
21 0.163564453125 0.11828571428571429 0.11100097656250002 0.05008058608058609
21 0.27674560546875 0.11764468864468865 0.10671142578125001 0.048798534798534805
21 0.3929150390625 0.1190879120879121 0.10840087890625005 0.04847985347985349
21 0.5122900390625 0.1214908424908425 0.11222412109375002 0.053926739926739936
21 0.6280322265625 0.12341391941391942 0.11305908203125004 0.04752014652014653
21 0.7456982421875 0.12116849816849817 0.11346679687500005 0.04944322344322345
21 0.86592529296875 0.12677655677655678 0.11045654296875007 0.051043956043956056
21 0.9639892578125 0.12179487179487179 0.072021484375 0.04798534798534799
21 0.0264697265625 0.1798168498168498 0.0503759765625 0.04497435897435897
21 0.11380859375 0.18446520146520146 0.10972900390624998 0.051062271062271056
21 0.2304052734375 0.18238095238095237 0.11227050781250003 0.05010256410256409
21 0.3455078125 0.183021978021978 0.10755371093749999 0.051384615384615376
21 0.45826171875 0.18414285714285714 0.11095214843750001 0.044014652014652
21 0.5749658203125 0.18414285714285714 0.111572265625 0.044014652014652
21 0.6893212890625 0.18398168498168496 0.11176757812500004 0.04689743589743589
21 0.80623779296875 0.18686813186813186 0.10854492187500009 0.046256410256410245
21 0.9210205078125 0.18830769230769231 0.10959472656249991 0.04593772893772895
21 0.9918212890625 0.1847985347985348 0.016357421875 0.05531135531135531
21 0.04504638671875 0.23862271062271065 0.0900927734375 0.05043956043956046
21 0.15181884765625 0.2439120879120879 0.10886718750000002 0.04499267399267397
21 0.26948486328125 0.24407326007326008 0.10927490234375001 0.054926739926739944
21 0.38896484375 0.24519413919413918 0.11117675781250003 0.04755677655677653
21 0.50940673828125 0.2483992673992674 0.11286621093750004 0.05396703296703294
21 0.63080810546875 0.24775824175824177 0.11434082031250004 0.05268498168498166
21 0.75167724609375 0.24952014652014654 0.11688232421875 0.04659706959706961
21 0.87169189453125 0.25144322344322345 0.10917480468750007 0.05044322344322345
21 0.968349609375 0.2483992673992674 0.06330078124999994 0.05396703296703294
21 0.03800048828125 0.302029304029304 0.047812499999999994 0.05228205128205129
21 0.09512451171875 0.3037912087912088 0.044599609375000016 0.04619413919413916
21 0.152890625 0.3047545787545788 0.0469384765625 0.04171062271062267
21 0.21599365234375 0.3050732600732601 0.04714111328124998 0.04875824175824172
21 0.27482666015625 0.3052344322344322 0.04734619140624996 0.04587545787545788
21 0.33739501953125 0.30587545787545783 0.04861572265625003 0.04715750915750916
21 0.39718994140625 0.3086007326007326 0.048605957031250036 0.04940293040293036
21 0.45516845703125 0.3066776556776557 0.04710205078124996 0.045556776556776514
21 0.5139990234375 0.30443223443223444 0.04730468750000005 0.04747619047619044
21 0.5721923828125 0.3068351648351648 0.04195800781249992 0.042670329670329674
21 0.63412109375 0.3066776556776557 0.0462182617187501 0.045556776556776514
21 0.69572998046875 0.3108424908424908 0.04770263671875008 0.04747985347985352
21 0.75776611328125 0.30924175824175826 0.05004150390625006 0.050684981684981645
21 0.8185205078125 0.31212454212454216 0.049816894531250044 0.05004395604395609
21 0.878955078125 0.3113223443223443 0.04681884765625011 0.05164468864468865
21 0.9415234375 0.3108424908424908 0.04808837890625006 0.04747985347985352
21 0.9874365234375 0.31148351648351646 0.024589843750000062 0.048761904761904805
21 0.04739501953125 0.3659633699633699 0.09222900390625 0.042369963369963355
21 0.16014892578125 0.36404029304029306 0.10416748046875002 0.05134065934065937
21 0.27962890625 0.3674065934065934 0.10606933593750001 0.042047619047619035
21 0.3980419921875 0.36564468864468863 0.110107421875 0.048139194139194166
21 0.51677490234375 0.3662857142857143 0.10837890625000002 0.04942124542124545
21 0.63849609375 0.3698095238095238 0.11262939453124998 0.05006227106227105
21 0.75637451171875 0.37333699633699635 0.10919433593750005 0.05070329670329673
21 0.87521484375 0.373978021978022 0.11408691406250004 0.05198534798534801
21 0.9726220703125 0.3726959706959707 0.05475585937499994 0.04942124542124545
21 0.0206298828125 0.4249084249084249 0.041259765625 0.05201465201465202
21 0.10419921875 0.4282967032967033 0.11186523437499998 0.04847619047619053
21 0.22367919921875 0.4292600732600733 0.105224609375 0.04399267399267396
21 0.34593505859375 0.4303809523809524 0.10840820312499999 0.04943956043956037
21 0.46338623046875005 0.4313406593406593 0.11265869140625001 0.044952380952380876
21 0.58574951171875 0.431981684981685 0.10537841796875003 0.04623443223443216
21 0.70576416015625 0.43615018315018317 0.10621337890625004 0.04816117216117217
21 0.823857421875 0.43454578754578754 0.10747558593750006 0.05136263736263729
21 0.94432373046875 0.43775091575091574 0.11135253906250009 0.04495604395604396
21 0.047822265625 0.489029304029304 0.0930810546875 0.044970695970695966
21 0.1614306640625 0.4903113553113553 0.10673095703125002 0.04753479853479853
21 0.276318359375 0.4912710622710623 0.10585693359375001 0.04304761904761904
21 0.39676025390625 0.4923919413919414 0.10754638671875005 0.04849816849816853
21 0.51335693359375 0.4946373626373626 0.10154785156249996 0.046575091575091605
21 0.63208984375 0.4936739926739927 0.10835937500000004 0.0510622710622711
21 0.7518896484375 0.4938351648351649 0.1044970703125001 0.04817582417582417
21 0.870302734375 0.4967179487179487 0.1085351562500001 0.04753846153846161
21 0.96728271484375 0.5002454212454213 0.0654345703125001 0.04817948717948725
21 0.01814208984375 0.5492783882783883 0.0362841796875 0.05011721611721618
21 0.100888671875 0.5473553113553113 0.11165283203124998 0.046271062271062334
21 0.21962158203125004 0.5500805860805861 0.10992431640625003 0.04851648351648345
21 0.3367529296875 0.5537655677655677 0.11139892578124999 0.046274725274725245
21 0.45826171875 0.552003663003663 0.11095214843750001 0.0523626373626373
21 0.57838134765625 0.5521611721611722 0.10986328125 0.049476190476190535
21 0.7022412109375 0.5555274725274725 0.10984375000000002 0.05300366300366294
21 0.82513671875 0.5556886446886447 0.11003662109375001 0.05012087912087909
21 0.9432373046875 0.5567765567765568 0.113525390625 0.04981684981684982
21 0.042058105468749996 0.607923076923077 0.08411376953125 0.045648351648351605
21 0.14637451171875 0.6072820512820514 0.10438476562499999 0.04436630036630033
21 0.2627587890625 0.6095274725274725 0.11077148437499998 0.04244688644688649
21 0.3801025390625 0.6127326007326007 0.1084033203125 0.0488571428571429
21 0.5001171875 0.6106483516483516 0.10923583984375002 0.0478937728937729
21 0.6217333984375 0.6146556776556776 0.11541015625000006 0.052703296703296744
21 0.741533203125 0.6162564102564103 0.11154541015625008 0.049498168498168536
21 0.86112060546875 0.6165787545787546 0.1115258789062501 0.04372893772893777
21 0.9639892578125 0.6168498168498169 0.072021484375 0.047619047619047616
21 0.02369384765625 0.6617655677655677 0.0473876953125 0.05079487179487182
21 0.07985595703125 0.6632087912087912 0.04609619140625001 0.05047252747252746
21 0.1391162109375 0.6662527472527472 0.04715332031250001 0.04694871794871797
21 0.196455078125 0.668974358974359 0.048640136718750004 0.04919413919413926
21 0.25528564453125 0.6649706959706959 0.04884277343749999 0.04438461538461541
21 0.3155078125 0.6665714285714286 0.049687499999999996 0.048871794871794896
21 0.37754150390625 0.6657692307692308 0.05202636718749998 0.04278388278388285
21 0.43957763671875 0.6668937728937728 0.05436523437499996 0.04823076923076926
21 0.50022705078125 0.6691355311355311 0.04752197265624997 0.04631135531135525
21 0.5625830078125 0.6733040293040292 0.05263671875000009 0.048234432234432176
21 0.6220556640625 0.6736227106227106 0.05326660156250007 0.05528571428571422
21 0.68035400390625 0.6742637362637363 0.05112060546875008 0.04374725274725269
21 0.74153564453125 0.6761868131868132 0.05175292968749989 0.04759340659340653
21 0.79951416015625 0.6755457875457875 0.0502465820312501 0.04631135531135525
21 0.8603759765625 0.6755457875457875 0.04810302734374994 0.04631135531135525
21 0.92048828125 0.6768278388278388 0.05086914062499992 0.048875457875457815
21 0.97689208984375 0.6757069597069597 0.04621337890624999 0.04342857142857141
21 0.03970947265625 0.7247399267399267 0.07685302734375 0.045366300366300336
21 0.13922119140625 0.7274615384615385 0.10502441406250002 0.047608058608058536
21 0.25859375 0.7293846153846154 0.10885009765624998 0.05145787545787547
21 0.3767919921875 0.7295457875457876 0.10818847656249997 0.048571428571428536
21 0.495419921875 0.7293846153846154 0.10838378906250001 0.05145787545787547
21 0.61319091796875 0.7346739926739927 0.10687011718749995 0.04601098901098906
21 0.73203125 0.735956043956044 0.11176025390624988 0.04857509157509162
21 0.85375244140625 0.7351538461538462 0.10747070312499996 0.05017582417582418
21 0.95980712890625 0.7390000000000001 0.08038574218750005 0.04505128205128205
21 0.011416015625 0.7851501831501831 0.02240478515625 0.047626373626373786
21 0.0886083984375 0.788032967032967 0.11058593749999998 0.0469890109890109
21 0.2061669921875 0.7893150183150183 0.104375 0.04955311355311346
21 0.32479248046875 0.7936410256410256 0.11311035156250004 0.04859340659340654
21 0.44801025390625 0.7944432234432234 0.10753662109374995 0.0469890109890109
21 0.567705078125 0.7957252747252747 0.11413818359375005 0.04955311355311346
21 0.68547607421875 0.7994102564102563 0.11262207031250004 0.04731135531135526
21 0.8084814453125 0.7987692307692307 0.11089355468750006 0.046029304029303976
21 0.93151123046875 0.8018131868131867 0.11989501953125004 0.055326007326007315
21 0.0437646484375 0.851007326007326 0.087529296875 0.05437728937728931
21 0.150859375 0.8542124542124542 0.10908203124999999 0.04797069597069598
21 0.264892578125 0.8535714285714285 0.10649902343750003 0.046688644688644705
21 0.37978271484375 0.8562967032967033 0.10562744140625002 0.048930402930402905
21 0.4953125 0.8604615384615384 0.10176269531250004 0.05085714285714291
21 0.61393798828125 0.8596593406593406 0.11049804687500009 0.05245787545787547
21 0.736728515625 0.8646263736263735 0.11261474609374988 0.052780219780219836
21 0.8597314453125 0.8639853479853479 0.1108862304687499 0.05149816849816855
21 0.96240234375 0.8706959706959707 0.0751953125 0.05274725274725275
21 0.01493896484375 0.9154212454212454 0.027314453125 0.04863003663003671
21 0.09384033203125 0.9178278388278388 0.11037109374999998 0.04382417582417594
21 0.21107910156249998 0.9195897435897435 0.10992431640624997 0.050553113553113635
21 0.33301513671875 0.9223150183150184 0.11033203125000002 0.05279853479853492
21 0.4521752929687499 0.9245567765567766 0.10945800781249998 0.050875457875458
21 0.57218994140625 0.9274395604395604 0.11029296875000005 0.05023443223443235
21 0.691669921875 0.9274395604395604 0.11219482421875004 0.05023443223443235
21 0.81552734375 0.9290439560439561 0.11217285156250001 0.0470329670329669
21 0.9371435546875 0.9325677655677655 0.10980468750000005 0.04767399267399254
21 0.041416015625 0.98 0.08027099609374999 0.03999633699633685
21 0.14541259765625 0.9791978021978022 0.11313964843750002 0.04160073260073249
21 0.2674560546875 0.98 0.11162353515625001 0.03999999999999993
21 0.38853759765625 0.9816007326007326 0.11032226562500003 0.03679487179487173
21 0.50780517578125 0.9816007326007326 0.10752685546875002 0.03679487179487173
21 0.63337158203125 0.9832051282051283 0.11092285156250004 0.03358974358974352
21 0.75722900390625 0.9848058608058607 0.11090332031250005 0.0303882783882784
21 0.8776708984375 0.9840036630036629 0.11259033203125002 0.03198901098901096
21 0.9726220703125 0.9832051282051283 0.05475585937499994 0.03358974358974352