21 0.011733333333333333 0.0144375 0.023466666666666667 0.028875
21 0.08905 0.0144375 0.10866666666666668 0.028875
21 0.21028333333333335 0.015325 0.10450000000000002 0.03065
21 0.33871666666666667 0.0156875 0.11276666666666671 0.031087499999999997
21 0.46645000000000003 0.015025 0.10189999999999998 0.03005
21 0.5863833333333333 0.015325 0.1050333333333333 0.03065
21 0.71185 0.015325 0.10343333333333324 0.03065
21 0.8305166666666667 0.015025 0.09808333333333337 0.03005
21 0.9479 0.0141375 0.10004999999999996 0.028275
21 0.03225 0.062975 0.06448333333333332 0.044275
21 0.18886666666666665 0.061125 0.2057166666666667 0.036137499999999996
21 0.37915000000000004 0.0632 0.15024999999999997 0.04028749999999999
21 0.5322333333333333 0.0642375 0.10129999999999996 0.039400000000000004
21 0.7095833333333333 0.0661625 0.18373333333333336 0.040287500000000004
21 0.9154 0.0679375 0.16919999999999996 0.037912499999999995
21 0.014983333333333333 0.1168375 0.029966666666666666 0.04397500000000001
21 0.09873333333333333 0.1186875 0.10234999999999998 0.040275
21 0.21866666666666665 0.1189 0.10550000000000002 0.04219999999999999
21 0.060750000000000005 0.1739625 0.12150000000000001 0.04576250000000002
21 0.24736666666666665 0.17166250000000002 0.2201 0.045612500000000014
21 0.3515333333333333 0.11779999999999999 0.11276666666666671 0.0444125
21 0.4750333333333333 0.11765 0.09145 0.04116250000000001
21 0.5877666666666667 0.11720000000000001 0.09004999999999995 0.03731249999999999
21 0.7240833333333333 0.12075 0.10620000000000004 0.0444125
21 0.85025 0.1204625 0.09216666666666659 0.043825
21 0.9578166666666668 0.119275 0.08436666666666648 0.041462499999999985
21 0.43665000000000004 0.1752125 0.13504999999999995 0.03496249999999998
21 0.6353 0.172625 0.2127333333333333 0.04013750000000002
21 0.8541833333333333 0.17285 0.17896666666666675 0.04206249999999999
21 0.98395 0.178475 0.03208333333333333 0.04147500000000001
21 0.030766666666666668 0.2366375 0.061533333333333336 0.04238749999999996
21 0.13156666666666667 0.23575 0.10295000000000001 0.040600000000000025
21 0.24855 0.23752500000000001 0.10409999999999998 0.04297499999999999
21 0.37205 0.2279 0.09856666666666665 0.03971249999999998
21 0.50975 0.2341125 0.10564999999999998 0.04622500000000002
21 0.6287 0.23426249999999998 0.10286666666666672 0.04356250000000003
21 0.7504166666666666 0.23322500000000002 0.10560000000000003 0.03853749999999998
21 0.8800333333333333 0.23345 0.10044999999999997 0.040462500000000005
21 0.975 0.231875 0.05 0.04125
21 0.12969999999999998 0.298125 0.1524666666666667 0.042550000000000025
21 0.3027 0.295825 0.13151666666666662 0.04240000000000002
21 0.4920833333333333 0.2959 0.21828333333333338 0.0446125
21 0.6986333333333333 0.2945 0.15395 0.04270000000000003
21 0.8774666666666667 0.289175 0.1624000000000001 0.043875000000000025
21 0.010649999999999998 0.2930125 0.02128333333333333 0.045649999999999975
21 0.9908333333333333 0.28875 0.018333333333333333 0.0425
21 0.05996666666666666 0.3522625 0.11991666666666667 0.04073750000000004
21 0.22290000000000001 0.3492375 0.15736666666666668 0.03971249999999998
21 0.4058833333333333 0.347975 0.17804999999999999 0.04459999999999994
21 0.5977333333333333 0.3482 0.17310000000000003 0.040600000000000025
21 0.7714333333333333 0.3487875 0.13973333333333338 0.041787499999999936
21 0.9142499999999999 0.34612499999999996 0.09393333333333316 0.04237499999999997
21 0.9883333333333333 0.3496 0.023099999999999832 0.03897499999999994
21 0.026916666666666665 0.40421250000000003 0.05383333333333333 0.04461250000000007
21 0.12594999999999998 0.40613750000000004 0.11143333333333336 0.03958749999999995
21 0.2963 0.405175 0.17788333333333337 0.03913749999999993
21 0.5273 0.409325 0.21768333333333337 0.04151250000000004
21 0.7103666666666667 0.40636249999999996 0.11823333333333343 0.04151250000000004
21 0.8946833333333333 0.4065875 0.21063333333333342 0.03751249999999999
21 0.0375 0.470625 0.075 0.03625
21 0.14775000000000002 0.46537500000000004 0.10570000000000002 0.04265000000000001
21 0.2771666666666667 0.4647125 0.10409999999999997 0.04280000000000001
21 0.39631666666666665 0.46478749999999996 0.08988333333333334 0.04146249999999995
21 0.5284833333333333 0.4650125 0.10169999999999997 0.043387500000000044
21 0.6522833333333333 0.4660375 0.0987166666666667 0.0425
21 0.7747833333333334 0.4631625 0.10303333333333342 0.041162499999999935
21 0.8988666666666667 0.465675 0.10261666666666666 0.04323750000000004
21 0.9833333333333333 0.46625 0.03333333333333333 0.045
21 0.06618333333333333 0.5230250000000001 0.1299833333333333 0.04103750000000005
21 0.2606833333333333 0.5239875 0.21123333333333336 0.04739999999999995
21 0.45175000000000004 0.522425 0.11788333333333337 0.045775
21 0.6549333333333333 0.5253125 0.22438333333333332 0.04711250000000007
21 0.8946833333333333 0.5254625 0.21063333333333342 0.044449999999999934
21 0.05443333333333333 0.581925 0.10453333333333333 0.03927499999999995
21 0.16451666666666664 0.58 0.09583333333333334 0.03957499999999996
21 0.33013333333333333 0.579775 0.17650000000000005 0.03765
21 0.5143833333333333 0.5784375 0.1662166666666667 0.03795000000000002
21 0.6466666666666666 0.5789625 0.07366666666666674 0.04638750000000002
21 0.7877 0.5803625 0.16241666666666674 0.04476250000000007
21 0.9420333333333334 0.579625 0.11593333333333324 0.046237500000000015
21 0.04665 0.635275 0.0933 0.045074999999999935
21 0.23631666666666665 0.6337125 0.23155 0.0434375
21 0.3897166666666667 0.631425 0.05101666666666669 0.04328750000000006
21 0.5355833333333334 0.6372 0.2263666666666666 0.04477499999999999
21 0.7791166666666667 0.6379375 0.21429999999999996 0.03856249999999996
21 0.9523833333333332 0.636525 0.09521666666666685 0.04018750000000004
21 0.05138333333333333 0.6973874999999999 0.10276666666666666 0.04648750000000007
21 0.17586666666666667 0.696425 0.1047166666666667 0.0460499999999999
21 0.30113333333333336 0.6945749999999999 0.09088333333333329 0.04382499999999993
21 0.42274999999999996 0.6965749999999999 0.09539999999999997 0.049300000000000066
21 0.5489999999999999 0.696125 0.09538333333333336 0.04544999999999987
21 0.6725 0.6937625 0.10561666666666668 0.04663749999999993
21 0.79925 0.6941375 0.09671666666666662 0.04590000000000003
21 0.9231333333333334 0.6956874999999999 0.09985000000000013 0.04752499999999998
21 0.03 0.75125 0.06 0.045
21 0.19371666666666668 0.7494875000000001 0.22525 0.03822499999999991
21 0.44356666666666666 0.7517 0.2179 0.045625
21 0.6937000000000001 0.753775 0.2210166666666667 0.04384999999999991
21 0.9175666666666666 0.7543625 0.1648666666666667 0.045024999999999975
21 0.004433333333333333 0.810975 0.008866666666666667 0.04431250000000006
21 0.07791666666666666 0.8089 0.10020000000000001 0.046087499999999865
21 0.09123333333333332 0.8658750000000001 0.18245 0.044625000000000054
21 0.048233333333333336 0.928325 0.09645 0.04523750000000007
21 0.10148333333333333 0.9831875 0.20296666666666666 0.03362500000000011
21 0.16866666666666666 0.9284 0.1001833333333333 0.049824999999999876
21 0.2022 0.8069 0.11201666666666664 0.04061250000000001
21 0.31938333333333335 0.8079375 0.09383333333333335 0.03972499999999997
21 0.3103 0.8644750000000001 0.23351666666666668 0.040324999999999986
21 0.45195 0.805575 0.10645 0.040900000000000034
21 0.5852 0.8109000000000001 0.1066166666666667 0.03972499999999997
21 0.7072166666666666 0.8112 0.10403333333333327 0.046237500000000015
21 0.8257833333333334 0.8114125 0.0925666666666666 0.04814999999999998
21 0.94745 0.8105249999999999 0.10508333333333325 0.04046249999999987
21 0.5072833333333333 0.8652875 0.12833333333333333 0.04936250000000001
21 0.7110666666666666 0.8701000000000001 0.2162833333333333 0.03973749999999995
21 0.8958166666666667 0.8686125 0.10243333333333339 0.0427000000000001
21 0.9893833333333333 0.867725 0.021233333333333347 0.04683750000000003
21 0.2866333333333333 0.926925 0.09936666666666667 0.04686250000000001
21 0.4155500000000001 0.9300375 0.09086666666666668 0.0501124999999999
21 0.5411166666666667 0.930025 0.10326666666666673 0.04419999999999988
21 0.67605 0.9278875 0.10483333333333329 0.0472999999999999
21 0.8123666666666667 0.9310625 0.1052 0.04922500000000014
21 0.9533666666666666 0.9296625000000001 0.09325000000000007 0.05086250000000007
21 0.3325 0.9825 0.235 0.035
21 0.6044333333333334 0.9806 0.21808333333333338 0.03879999999999995
21 0.8443166666666666 0.9817125 0.22435000000000002 0.03657499999999999