32 0.21761904761904763 0.18920765027322403 0.19523809523809524 0.37841530054644806
32 0.5338095238095238 0.2069672131147541 0.15523809523809523 0.40027322404371585
32 0.7271428571428571 0.2575136612021858 0.1457142857142857 0.4371584699453552
32 0.92 0.3353825136612022 0.16 0.6557377049180327
32 0.19904761904761906 0.3360655737704918 0.0761904761904762 0.11202185792349727
32 0.3933333333333333 0.3401639344262295 0.12571428571428572 0.1885245901639344
32 0.30428571428571427 0.3469945355191257 0.07142857142857142 0.12021857923497267
32 0.10666666666666667 0.3797814207650273 0.1980952380952381 0.3592896174863388
32 0.4738095238095238 0.5799180327868853 0.16952380952380952 0.4918032786885246
32 0.8633333333333333 0.7021857923497268 0.18095238095238095 0.5887978142076503
32 0.2623809523809524 0.7049180327868853 0.17333333333333334 0.5901639344262295
32 0.1061904761904762 0.712431693989071 0.20285714285714285 0.575136612021858
32 0.6566666666666666 0.07513661202185792 0.11904761904761904 0.15027322404371585
32 0.670952380952381 0.796448087431694 0.17238095238095238 0.3319672131147541
32 0.6014285714285714 0.9043715846994536 0.21047619047619048 0.18989071038251365
32 0.7904761904761904 0.9200819672131147 0.21619047619047618 0.1598360655737705
32 0.9438095238095238 0.9310109289617486 0.11238095238095239 0.13797814207650272