32 0.476905311778291 0.4063745019920319 0.020785219399538105 0.055776892430278883
32 0.894919168591224 0.4063745019920319 0.02771362586605081 0.10756972111553785
32 0.8695150115473441 0.4123505976095618 0.020785219399538105 0.13147410358565736
32 0.9376443418013857 0.4402390438247012 0.046189376443418015 0.10358565737051793
32 0.5404157043879908 0.44621513944223107 0.057736720554272515 0.20318725099601595
32 0.3891454965357968 0.4541832669322709 0.03695150115473441 0.17928286852589642
32 0.1697459584295612 0.4541832669322709 0.07159353348729793 0.11553784860557768
32 0.8521939953810623 0.48406374501992033 0.09237875288683603 0.43824701195219123
32 0.4618937644341801 0.5 0.07621247113163972 0.3745019920318725
32 0.28983833718244806 0.5139442231075697 0.2471131639722864 0.9482071713147411
32 0.07852193995381063 0.6195219123505976 0.12240184757505773 0.6414342629482072
32 0.651270207852194 0.6354581673306773 0.14087759815242495 0.7290836653386454
32 0.8083140877598153 0.6792828685258964 0.18706697459584296 0.6414342629482072