32 0.1103515625 0.6200366524129505 0.04443359375 0.04520464263897373
32 0.653076171875 0.6221747098350642 0.0419921875 0.05070250458155162
32 0.23388671875 0.7058643860720831 0.0537109375 0.13805742211362249
32 0.9091796875 0.7296884544899206 0.05517578125 0.23029932803909592
32 0.271240234375 0.760843005497862 0.0546875 0.2840562003665241
32 0.682373046875 0.7687843616371411 0.10009765625 0.339034819792303
32 0.640869140625 0.7700061087354918 0.1123046875 0.3512522907758094
32 0.36328125 0.7712278558338423 0.0615234375 0.3036041539401344
32 0.467529296875 0.7764202810018326 0.07080078125 0.36163714111178985
32 0.2958984375 0.7776420281001832 0.09521484375 0.337202199144777
32 0.424072265625 0.7800855222968845 0.10498046875 0.3420891875381796
32 0.755615234375 0.7846670739156995 0.07275390625 0.354306658521686
32 0.859375 0.7874160048869884 0.083984375 0.3750763591936469
32 0.52783203125 0.7883323152107514 0.1484375 0.38546120952962737
32 0.920166015625 0.7907758094074526 0.09765625 0.36408063530849116
32 0.806640625 0.7978008552229688 0.10791015625 0.3677458766035431
32 0.9560546875 0.8029932803909591 0.087890625 0.35491753207086135