32 0.60693359375 0.4993489583333333 0.02734375 0.06901041666666667
32 0.64013671875 0.53515625 0.044921875 0.11067708333333333
32 0.212890625 0.5520833333333334 0.0537109375 0.14583333333333334
32 0.14453125 0.5904947916666666 0.056640625 0.2513020833333333
32 0.3701171875 0.5904947916666666 0.07421875 0.26953125
32 0.5732421875 0.5904947916666666 0.0390625 0.08203125
32 0.6142578125 0.6165364583333334 0.087890625 0.24348958333333334
32 0.10546875 0.6184895833333334 0.0634765625 0.2604166666666667
32 0.44580078125 0.6432291666666666 0.0595703125 0.3059895833333333
32 0.51953125 0.7161458333333334 0.1611328125 0.4166666666666667
32 0.2333984375 0.798828125 0.23828125 0.40234375