32 0.11593059936908517 0.2618483412322275 0.22082018927444794 0.32109004739336494
32 0.22476340694006308 0.3216824644549763 0.2302839116719243 0.24881516587677724
32 0.3785488958990536 0.3412322274881517 0.23186119873817035 0.20853080568720378
32 0.581230283911672 0.39928909952606634 0.08675078864353312 0.11137440758293839
32 0.4747634069400631 0.4958530805687204 0.23186119873817035 0.32701421800947866
32 0.2547318611987382 0.5 0.17350157728706625 0.17535545023696683
32 0.3714511041009464 0.5118483412322274 0.1167192429022082 0.13744075829383887
32 0.6427444794952681 0.5687203791469194 0.22555205047318613 0.3033175355450237
32 0.1167192429022082 0.7428909952606635 0.2334384858044164 0.3637440758293839
32 0.7247634069400631 0.745260663507109 0.5504731861198738 0.509478672985782
32 0.2547318611987382 0.7760663507109005 0.5094637223974764 0.4372037914691943