32 0.39458333333333334 0.15888888888888889 0.07833333333333334 0.13111111111111112
32 0.8191666666666667 0.21333333333333335 0.1325 0.31
32 0.5495833333333333 0.2222222222222222 0.07166666666666667 0.08
32 0.62375 0.27555555555555555 0.06333333333333334 0.16
32 0.47541666666666665 0.29444444444444445 0.07 0.11777777777777777
32 0.40875 0.2966666666666667 0.08 0.12666666666666668
32 0.27541666666666664 0.31555555555555553 0.18833333333333332 0.4388888888888889
32 0.54625 0.3188888888888889 0.09166666666666666 0.14
32 0.69125 0.3211111111111111 0.09833333333333333 0.17555555555555555
32 0.06541666666666666 0.32555555555555554 0.09333333333333334 0.2288888888888889
32 0.19791666666666666 0.3844444444444444 0.19833333333333333 0.3377777777777778
32 0.9495833333333333 0.4266666666666667 0.10083333333333333 0.3788888888888889
32 0.6604166666666667 0.5822222222222222 0.10666666666666667 0.35555555555555557
32 0.5304166666666666 0.5911111111111111 0.16 0.4088888888888889
32 0.17166666666666666 0.5988888888888889 0.13166666666666665 0.3277777777777778
32 0.8004166666666667 0.6261111111111111 0.39916666666666667 0.7477777777777778
32 0.3145833333333333 0.6572222222222223 0.4841666666666667 0.6855555555555556
32 0.53375 0.6911111111111111 0.18916666666666668 0.61
32 0.07166666666666667 0.7333333333333333 0.14333333333333334 0.5333333333333333