32 0.8711180124223602 0.6029713114754098 0.2573757763975155 0.7776639344262295
32 0.7333074534161491 0.6098872950819673 0.4409937888198758 0.7699795081967213
32 0.37111801242236025 0.6173155737704918 0.46156832298136646 0.7407786885245902
32 0.13121118012422361 0.6606045081967213 0.2620341614906832 0.6787909836065574
32 0.12868788819875776 0.08452868852459017 0.053959627329192544 0.08709016393442623
32 0.017857142857142856 0.11270491803278689 0.03571428571428571 0.11782786885245902
32 0.21312111801242237 0.11654713114754098 0.07531055900621118 0.14600409836065573
32 0.10830745341614907 0.14600409836065573 0.036490683229813664 0.11782786885245902
32 0.20535714285714285 0.258452868852459 0.0687111801242236 0.11321721311475409
32 0.4295419254658385 0.28688524590163933 0.03454968944099379 0.06147540983606557
32 0.36141304347826086 0.3235143442622951 0.09045031055900621 0.08709016393442623