32 0.37538461538461537 0.5523012552301255 0.02 0.07426778242677824
32 0.34692307692307695 0.5575313807531381 0.03538461538461538 0.07112970711297072
32 0.3557692307692308 0.5575313807531381 0.02 0.06799163179916318
32 0.3330769230769231 0.5580543933054394 0.02076923076923077 0.06799163179916318
32 0.21076923076923076 0.5585774058577406 0.02076923076923077 0.07426778242677824
32 0.1773076923076923 0.5591004184100419 0.02 0.06903765690376569
32 0.36038461538461536 0.5591004184100419 0.03769230769230769 0.07845188284518828
32 0.14846153846153845 0.5611924686192469 0.023076923076923078 0.07217573221757322
32 0.16115384615384615 0.5622384937238494 0.04846153846153846 0.07426778242677824
32 0.1930769230769231 0.5622384937238494 0.05615384615384615 0.07635983263598327
32 0.3334615384615385 0.5627615062761506 0.05923076923076923 0.07740585774058577
32 0.315 0.5638075313807531 0.02923076923076923 0.07217573221757322
32 0.26576923076923076 0.5930962343096234 0.03923076923076923 0.12133891213389121