32 0.5043988269794721 0.2539130434782609 0.1300097751710655 0.35304347826086957
32 0.7434017595307918 0.2573913043478261 0.08504398826979472 0.29391304347826086
32 0.644672531769306 0.3660869565217391 0.10850439882697947 0.25043478260869567
32 0.3870967741935484 0.43478260869565216 0.1378299120234604 0.19652173913043477
32 0.05865102639296188 0.44782608695652176 0.10654936461388075 0.3339130434782609
32 0.6129032258064516 0.5991304347826087 0.11339198435972629 0.39304347826086955
32 0.30840664711632454 0.6313043478260869 0.19550342130987292 0.31130434782608696
32 0.738514173998045 0.7069565217391305 0.11925708699902249 0.3443478260869565
32 0.8387096774193549 0.8434782608695652 0.13196480938416422 0.3130434782608696
32 0.46725317693059626 0.8495652173913043 0.1466275659824047 0.3008695652173913
32 0.2595307917888563 0.8608695652173913 0.20234604105571846 0.2782608695652174
32 0.27468230694037143 0.09217391304347826 0.093841642228739 0.1808695652173913
32 0.0635386119257087 0.1426086956521739 0.08699902248289346 0.23304347826086957
32 0.1652003910068426 0.14347826086956522 0.09775171065493646 0.18782608695652173
32 0.36070381231671556 0.15565217391304348 0.1270772238514174 0.24521739130434783