21 0.04140625 0.0296875 0.0828125 0.059375
21 0.17109375 0.02890625 0.1625 0.0578125
21 0.33515625 0.0265625 0.1578125 0.053125
21 0.5 0.02890625 0.16875 0.0578125
21 0.67109375 0.02890625 0.159375 0.0578125
21 0.8359375 0.028125 0.15625 0.05625
21 0.9609375 0.02578125 0.078125 0.0515625
21 0.0828125 0.0921875 0.165625 0.0625
21 0.246875 0.0921875 0.1609375 0.0625
21 0.41484375 0.09140625 0.1578125 0.0578125
21 0.5796875 0.090625 0.159375 0.05625
21 0.74765625 0.0921875 0.1609375 0.0515625
21 0.91796875 0.090625 0.1640625 0.0515625
21 0.04140625 0.15390625 0.078125 0.059375
21 0.1640625 0.1515625 0.1671875 0.053125
21 0.33515625 0.1578125 0.1625 0.053125
21 0.5015625 0.15234375 0.159375 0.05625
21 0.665625 0.15390625 0.1609375 0.0546875
21 0.83515625 0.15390625 0.159375 0.0546875
21 0.96015625 0.1515625 0.0796875 0.053125
21 0.08125 0.215625 0.1625 0.05625
21 0.246875 0.21484375 0.1609375 0.0609375
21 0.4140625 0.215625 0.1609375 0.0546875
21 0.58203125 0.21484375 0.15625 0.0578125
21 0.74765625 0.215625 0.1609375 0.053125
21 0.91484375 0.2140625 0.1640625 0.0546875
21 0.040625 0.278125 0.08125 0.0546875
21 0.16796875 0.27890625 0.1578125 0.0546875
21 0.334375 0.27890625 0.1640625 0.059375
21 0.5015625 0.278125 0.1578125 0.0546875
21 0.66796875 0.278125 0.1609375 0.0546875
21 0.83203125 0.27890625 0.1609375 0.0578125
21 0.96015625 0.278125 0.0796875 0.05625
21 0.0796875 0.33984375 0.159375 0.0546875
21 0.246875 0.3421875 0.1609375 0.05625
21 0.41328125 0.340625 0.1578125 0.0546875
21 0.5796875 0.34140625 0.159375 0.05625
21 0.7484375 0.340625 0.1609375 0.0546875
21 0.91484375 0.340625 0.159375 0.05625
21 0.040625 0.4046875 0.08125 0.059375
21 0.16640625 0.40390625 0.1546875 0.053125
21 0.3359375 0.40546875 0.159375 0.053125
21 0.5 0.4046875 0.159375 0.0546875
21 0.66640625 0.4046875 0.15625 0.05625
21 0.8328125 0.403125 0.159375 0.0546875
21 0.95859375 0.403125 0.0828125 0.05625
21 0.08125 0.4671875 0.1625 0.05625
21 0.24765625 0.4671875 0.1609375 0.05625
21 0.41484375 0.46640625 0.1625 0.0546875
21 0.58125 0.46640625 0.1609375 0.059375
21 0.7484375 0.46640625 0.1609375 0.0546875
21 0.9140625 0.4640625 0.159375 0.0578125
21 0.04140625 0.52890625 0.0828125 0.05625
21 0.16640625 0.5296875 0.1609375 0.0578125
21 0.334375 0.528125 0.1640625 0.0578125
21 0.49921875 0.528125 0.15625 0.059375
21 0.6671875 0.52734375 0.1609375 0.05625
21 0.83359375 0.528125 0.1609375 0.05625
21 0.96015625 0.52734375 0.0796875 0.0546875
21 0.08046875 0.58984375 0.1609375 0.0578125
21 0.24609375 0.590625 0.1625 0.05625
21 0.41328125 0.5921875 0.1546875 0.0546875
21 0.58203125 0.5921875 0.1609375 0.0515625
21 0.7484375 0.59140625 0.15625 0.0515625
21 0.9140625 0.590625 0.159375 0.0546875
21 0.03984375 0.65390625 0.0765625 0.0578125
21 0.1671875 0.65546875 0.1609375 0.0546875
21 0.334375 0.65234375 0.1578125 0.0546875
21 0.5015625 0.653125 0.1625 0.0578125
21 0.66796875 0.65390625 0.1546875 0.05625
21 0.8328125 0.653125 0.1609375 0.0546875
21 0.9609375 0.65390625 0.078125 0.0484375
21 0.08046875 0.715625 0.1609375 0.05625
21 0.24765625 0.71640625 0.1609375 0.05625
21 0.415625 0.71640625 0.1609375 0.059375
21 0.5796875 0.71640625 0.159375 0.053125
21 0.746875 0.71484375 0.1578125 0.05625
21 0.91484375 0.71640625 0.1609375 0.0546875
21 0.03984375 0.77734375 0.0796875 0.0546875
21 0.16640625 0.77890625 0.159375 0.0546875
21 0.334375 0.778125 0.1609375 0.0578125
21 0.5 0.77734375 0.159375 0.05625
21 0.66640625 0.778125 0.159375 0.0546875
21 0.834375 0.77890625 0.1625 0.0515625
21 0.96171875 0.77890625 0.0765625 0.0546875
21 0.0796875 0.840625 0.159375 0.053125
21 0.246875 0.840625 0.1625 0.059375
21 0.41640625 0.840625 0.159375 0.0578125
21 0.5796875 0.840625 0.15625 0.05625
21 0.74765625 0.84140625 0.1609375 0.0546875
21 0.9125 0.84140625 0.159375 0.05625
21 0.03828125 0.90234375 0.0765625 0.0546875
21 0.16640625 0.90390625 0.1546875 0.0546875
21 0.33515625 0.9046875 0.1609375 0.0578125
21 0.49921875 0.90390625 0.1625 0.05625
21 0.6671875 0.90390625 0.1578125 0.05625
21 0.8328125 0.90390625 0.159375 0.05625
21 0.96015625 0.903125 0.0796875 0.0546875
21 0.08046875 0.96484375 0.1609375 0.0546875
21 0.24609375 0.96484375 0.1609375 0.0546875
21 0.4140625 0.9671875 0.1640625 0.0546875
21 0.5796875 0.965625 0.1609375 0.05625
21 0.746875 0.96484375 0.1578125 0.05625
21 0.91484375 0.96640625 0.159375 0.0546875