21 0.191828665625 0.2423673453125 0.18294125156250002 0.15167335937499998 0.035999959375 0.1817777765625 0.0425200953125 0.2583721203125 0.191828665625 0.2423673453125
21 0.42112395625000004 0.22636250625 0.42112395625000004 0.10899393125000001 0.1893332921875 0.1462222203125 0.19360612187499998 0.251258909375 0.42112395625000004 0.22636250625
21 0.5757648921875 0.2139143046875 0.5739874359375 0.08765413125 0.4271110703125 0.1039999984375 0.42467886562499996 0.22102758125 0.5757648921875 0.2139143046875
21 0.787285490625 0.24058899375 0.7890628093750001 0.1463384359375 0.5782221812499999 0.0839999984375 0.5828748499999999 0.21213601875000002 0.787285490625 0.24058899375
21 0.9063767734375 0.26370704375 0.90815409375 0.1872396140625 0.7871110703124999 0.1462222203125 0.7855078984375 0.24770227031249997 0.9063767734375 0.26370704375
21 0.29492271406250004 0.3383961875 0.2895902125 0.23525406875 0.1071110703125 0.255111109375 0.1153968578125 0.33483955 0.29492271406250004 0.3383961875
21 0.5739874359375 0.345509465625 0.5704325234375001 0.2245842203125 0.2937777375 0.2439999984375 0.29670017031249996 0.3437311125 0.5739874359375 0.345509465625
21 0.6877463515625 0.3437311125 0.6859688984375001 0.222805865625 0.575999959375 0.21733333125 0.5775423484375 0.3472877515625 0.6877463515625 0.3437311125
21 0.8459422 0.3437311125 0.84949738125 0.251258909375 0.694856309375 0.23169742968749998 0.6930787203125 0.3472877515625 0.8459422 0.3437311125
21 0.9543687500000001 0.345509465625 0.9543687500000001 0.27259860625 0.8515555140625001 0.2595555546875 0.8477197921874999 0.3437311125 0.9543687500000001 0.345509465625
21 0.19360612187499998 0.4290901734375 0.190051209375 0.3401745421875 0.040444404687500005 0.3462222203125 0.05318496406249999 0.41308533125 0.19360612187499998 0.4290901734375
21 0.4157914515625 0.44865158593750004 0.4157914515625 0.3472877515625 0.195999959375 0.3439999984375 0.1989386234375 0.42197689531250004 0.4157914515625 0.44865158593750004
21 0.5739874359375 0.473547990625 0.5757648921875 0.3437311125 0.42488884843749997 0.34177777656249997 0.42467886562499996 0.45398650937499996 0.5739874359375 0.473547990625
21 0.7890628093750001 0.4379817359375 0.787285490625 0.3472877515625 0.5782221812499999 0.355111109375 0.5775423484375 0.473547990625 0.7890628093750001 0.4379817359375
21 0.9063767734375 0.41486361875 0.9099316843749999 0.341952828125 0.7937777374999999 0.34844444218750004 0.7890628093750001 0.4344250984375 0.9063767734375 0.41486361875
21 0.29492271406250004 0.54112385625 0.2984776234375 0.44509494531250005 0.10933329218750001 0.42844444218750005 0.1153968578125 0.5055576046875 0.29492271406250004 0.54112385625
21 0.5722099796875 0.5944732359375 0.5757648921875 0.46999135000000003 0.3026666265625 0.4395555546875 0.3002550796875 0.53756721875 0.5722099796875 0.5944732359375
21 0.68241385 0.56068526875 0.68419130625 0.44687330000000003 0.575999959375 0.47511110937499995 0.5704325234375001 0.5980298734375 0.68241385 0.56068526875
21 0.8512747015625 0.5162274515624999 0.84949738125 0.42375518124999995 0.6848888484375 0.44844444218749996 0.68419130625 0.5642420421875001 0.8512747015625 0.5162274515624999
21 0.9401488359375 0.477104559375 0.9437037453125001 0.4113070484375 0.855999959375 0.4239999984375 0.8566072046875 0.5126708140625 0.9401488359375 0.477104559375
21 0.1989386234375 0.6051430843750001 0.19716116875 0.5233407296875 0.0537777375 0.49288888750000004 0.05140750937500001 0.5642420421875001 0.1989386234375 0.6051430843750001
21 0.422901409375 0.676275590625 0.42467886562499996 0.55890698125 0.19822218125 0.5217777765625 0.202493534375 0.6140346484375 0.422901409375 0.676275590625
21 0.5739874359375 0.7242901796875 0.5722099796875 0.5980298734375 0.4271110703125 0.5684444421875 0.422901409375 0.6727189515625 0.5739874359375 0.7242901796875
21 0.7801753953125 0.6264829859375001 0.7783980765625 0.5446804953125 0.5715555140624999 0.5995555546875 0.5775423484375 0.7260683296875 0.7801753953125 0.6264829859375001
21 0.9010442718749999 0.56957683125 0.8992666796875 0.48777447812499997 0.7804444046875 0.5373333312499999 0.7855078984375 0.6282611359375 0.9010442718749999 0.56957683125
21 0.2984776234375 0.7367382484375 0.29492271406250004 0.642487690625 0.1226666265625 0.5884444421875 0.1242842703125 0.6620492375 0.2984776234375 0.7367382484375
21 0.566877478125 0.8363237281250001 0.5757648921875 0.72073340625 0.29822218125 0.6462222203125 0.3002550796875 0.73318174375 0.566877478125 0.8363237281250001
21 0.68419130625 0.7776394921875001 0.6753038921875001 0.6744973046875 0.5793199375 0.7242901796875 0.58109739375 0.8416587203124999 0.68419130625 0.7776394921875001
21 0.8459422 0.6656057421875 0.8423872906250001 0.5998082953125 0.6826666265625 0.6795555546875 0.68419130625 0.779417778125 0.8459422 0.6656057421875
21 0.9348163312500001 0.6211479265625 0.9348163312500001 0.5464589156249999 0.8448888484375001 0.59733333125 0.8441648796875001 0.6673840265625001 0.9348163312500001 0.6211479265625