21 0.15546875 0.14453125 0.3109375 0.1
21 0.49375 0.146875 0.328125 0.1015625
21 0.8296875 0.140625 0.325 0.0890625
21 0.07578125 0.2546875 0.146875 0.09375
21 0.325 0.25390625 0.325 0.1015625
21 0.659375 0.2484375 0.3265625 0.090625
21 0.91640625 0.2546875 0.1671875 0.09375
21 0.16015625 0.359375 0.315625 0.1
21 0.4953125 0.35546875 0.328125 0.090625
21 0.82890625 0.35625 0.31875 0.09375
21 0.071875 0.4671875 0.14375 0.0984375
21 0.315625 0.46015625 0.3296875 0.090625
21 0.6625 0.46171875 0.3203125 0.090625
21 0.91640625 0.46015625 0.1671875 0.0890625
21 0.1578125 0.5640625 0.315625 0.1
21 0.490625 0.5671875 0.3265625 0.096875
21 0.8265625 0.56328125 0.3234375 0.0984375
21 0.075 0.67578125 0.1484375 0.096875
21 0.321875 0.6703125 0.3265625 0.09375
21 0.66328125 0.678125 0.3296875 0.096875
21 0.92109375 0.67421875 0.1578125 0.0921875
21 0.159375 0.78125 0.3140625 0.0890625
21 0.48984375 0.775 0.325 0.0953125
21 0.828125 0.7796875 0.33125 0.0921875
21 0.0765625 0.86875 0.153125 0.0703125
21 0.32265625 0.871875 0.3203125 0.0609375
21 0.6625 0.87421875 0.328125 0.0671875
21 0.915625 0.871875 0.1640625 0.0671875