21 0.1109375 0.0625 0.1515625 0.046875
21 0.33515625 0.059375 0.2296875 0.05
21 0.5546875 0.06640625 0.0921875 0.05625
21 0.19296875 0.15859375 0.24375 0.053125
21 0.46640625 0.15859375 0.2421875 0.0578125
21 0.65546875 0.1609375 0.0609375 0.0671875
21 0.090625 0.2546875 0.15 0.05
21 0.31953125 0.26171875 0.2203125 0.05
21 0.58046875 0.26015625 0.146875 0.04375
21 0.209375 0.3484375 0.2453125 0.0546875
21 0.478125 0.340625 0.2453125 0.0671875
21 0.12734375 0.440625 0.1078125 0.0484375
21 0.31875 0.44140625 0.2375 0.05
21 0.5546875 0.43515625 0.175 0.0453125
21 0.26015625 0.54140625 0.0984375 0.05
21 0.46796875 0.53828125 0.246875 0.04375
21 0.30546875 0.6390625 0.196875 0.05
21 0.59140625 0.63125 0.178125 0.0484375
21 0.4515625 0.728125 0.2484375 0.059375
21 0.75703125 0.72109375 0.2546875 0.0453125
21 0.40234375 0.82890625 0.115625 0.0609375
21 0.621875 0.82109375 0.234375 0.0671875
21 0.83046875 0.80859375 0.1171875 0.0703125
21 0.475 0.925 0.2515625 0.0578125
21 0.77265625 0.92421875 0.246875 0.05625
21 0.9578125 0.94375 0.084375 0.0640625