21 0.03125 0.0140625 0.0625 0.028125
21 0.1765625 0.0125 0.19375 0.025
21 0.3875 0.00859375 0.196875 0.0171875
21 0.60390625 0.00859375 0.2078125 0.015625
21 0.82109375 0.00703125 0.190625 0.0140625
21 0.97109375 0.00625 0.0578125 0.0125
21 0.08828125 0.0640625 0.1765625 0.0484375
21 0.29296875 0.0609375 0.2 0.053125
21 0.509375 0.0578125 0.1953125 0.053125
21 0.725 0.0546875 0.2 0.0546875
21 0.91953125 0.0546875 0.1609375 0.0578125
21 0.028125 0.13671875 0.05625 0.059375
21 0.16640625 0.1328125 0.1984375 0.0578125
21 0.378125 0.12890625 0.1984375 0.0546875
21 0.5984375 0.12578125 0.2015625 0.05625
21 0.81953125 0.1265625 0.19375 0.05625
21 0.96953125 0.12578125 0.0609375 0.0578125
21 0.08203125 0.20546875 0.1640625 0.05625
21 0.27578125 0.20546875 0.196875 0.059375
21 0.49375 0.19921875 0.2015625 0.0609375
21 0.7078125 0.2 0.2015625 0.05625
21 0.91484375 0.19609375 0.1703125 0.059375
21 0.021875 0.27734375 0.04375 0.0546875
21 0.165625 0.2765625 0.203125 0.05
21 0.38125 0.2703125 0.20625 0.05625
21 0.60390625 0.27109375 0.2078125 0.0515625
21 0.8203125 0.2640625 0.2015625 0.05625
21 0.96796875 0.2640625 0.0640625 0.05625
21 0.0625 0.3484375 0.125 0.046875
21 0.24921875 0.34453125 0.203125 0.0578125
21 0.46875 0.3421875 0.1953125 0.053125
21 0.684375 0.33984375 0.2015625 0.059375
21 0.90234375 0.33671875 0.1953125 0.0546875
21 0.0140625 0.4234375 0.028125 0.0640625
21 0.14921875 0.42265625 0.203125 0.05625
21 0.3734375 0.4171875 0.2015625 0.05625
21 0.5921875 0.41796875 0.2046875 0.0546875
21 0.81171875 0.41484375 0.2 0.0578125
21 0.96484375 0.41328125 0.0703125 0.0546875
21 0.0796875 0.49140625 0.159375 0.0546875
21 0.27734375 0.4890625 0.196875 0.053125
21 0.496875 0.48359375 0.1953125 0.05
21 0.7125 0.48125 0.1921875 0.05
21 0.9109375 0.478125 0.178125 0.053125
21 0.0171875 0.5578125 0.034375 0.05625
21 0.1484375 0.55703125 0.19375 0.0515625
21 0.36484375 0.55390625 0.203125 0.0515625
21 0.5859375 0.5484375 0.1984375 0.0515625
21 0.8015625 0.54765625 0.1890625 0.0546875
21 0.959375 0.546875 0.08125 0.0578125
21 0.07421875 0.62734375 0.146875 0.0609375
21 0.2625 0.625 0.2015625 0.059375
21 0.48046875 0.621875 0.20625 0.0515625
21 0.696875 0.6203125 0.1953125 0.0515625
21 0.90703125 0.61484375 0.1859375 0.0484375
21 0.03203125 0.696875 0.0640625 0.053125
21 0.1765625 0.6953125 0.196875 0.046875
21 0.38828125 0.69296875 0.19375 0.0546875
21 0.59765625 0.68671875 0.190625 0.0546875
21 0.81015625 0.68359375 0.184375 0.046875
21 0.96171875 0.68203125 0.0765625 0.05625
21 0.08671875 0.76328125 0.1734375 0.0546875
21 0.28046875 0.76171875 0.19375 0.05
21 0.49140625 0.7578125 0.2 0.0515625
21 0.7015625 0.75625 0.1921875 0.0546875
21 0.90859375 0.75078125 0.1828125 0.0484375
21 0.03359375 0.825 0.0671875 0.05625
21 0.171875 0.8265625 0.190625 0.0515625
21 0.3890625 0.8265625 0.2 0.053125
21 0.60703125 0.81953125 0.1921875 0.0546875
21 0.8109375 0.81796875 0.1890625 0.0484375
21 0.96171875 0.81328125 0.0765625 0.05
21 0.084375 0.8875 0.165625 0.0484375
21 0.28125 0.88984375 0.190625 0.053125
21 0.50078125 0.8875 0.19375 0.05
21 0.7125 0.8796875 0.1859375 0.0515625
21 0.9109375 0.87578125 0.178125 0.0484375
21 0.03515625 0.9515625 0.0703125 0.05625
21 0.18515625 0.95 0.2 0.0578125
21 0.39765625 0.94921875 0.1890625 0.05
21 0.6046875 0.9453125 0.1875 0.0484375
21 0.815625 0.940625 0.184375 0.0484375
21 0.96171875 0.93671875 0.0765625 0.046875
21 0.09140625 0.99453125 0.1796875 0.0109375
21 0.29140625 0.99453125 0.1859375 0.0109375
21 0.4984375 0.99375 0.1921875 0.0125
21 0.709375 0.9921875 0.1875 0.015625