21 0.01796875 0.03046875 0.0359375 0.0609375
21 0.159375 0.0265625 0.2328125 0.053125
21 0.39375 0.02265625 0.2265625 0.0390625
21 0.63125 0.02265625 0.2203125 0.04375
21 0.88046875 0.025 0.2390625 0.05
21 0.07421875 0.0953125 0.134375 0.065625
21 0.265625 0.08984375 0.2234375 0.071875
21 0.50625 0.0921875 0.2296875 0.053125
21 0.75390625 0.0875 0.221875 0.0625
21 0.93984375 0.08515625 0.1203125 0.0578125
21 0.015625 0.17109375 0.03125 0.0703125
21 0.15390625 0.17265625 0.2234375 0.059375
21 0.3953125 0.1671875 0.225 0.0671875
21 0.634375 0.16796875 0.2234375 0.06875
21 0.8734375 0.16328125 0.253125 0.0640625
21 0.07734375 0.2484375 0.15 0.0640625
21 0.26875 0.2453125 0.2171875 0.0625
21 0.50859375 0.2484375 0.2296875 0.0609375
21 0.7453125 0.24296875 0.2234375 0.0578125
21 0.9375 0.24140625 0.125 0.0734375
21 0.01875 0.3265625 0.028125 0.06875
21 0.15078125 0.32265625 0.2265625 0.0703125
21 0.39296875 0.3203125 0.225 0.065625
21 0.63125 0.31796875 0.2171875 0.0703125
21 0.86015625 0.31875 0.221875 0.0625
21 0.98984375 0.31953125 0.0203125 0.0640625
21 0.075 0.4015625 0.15 0.06875
21 0.27265625 0.39921875 0.225 0.06875
21 0.5078125 0.39453125 0.228125 0.0671875
21 0.7484375 0.39765625 0.215625 0.065625
21 0.934375 0.4 0.13125 0.0640625
21 0.015625 0.48125 0.03125 0.06875
21 0.15 0.475 0.228125 0.0640625
21 0.3859375 0.47578125 0.2296875 0.065625
21 0.62578125 0.47421875 0.225 0.0546875
21 0.86484375 0.47734375 0.2234375 0.059375
21 0.990625 0.46796875 0.01875 0.0609375
21 0.07890625 0.553125 0.1578125 0.059375
21 0.27578125 0.55234375 0.21875 0.0671875
21 0.509375 0.54609375 0.2265625 0.059375
21 0.7453125 0.54921875 0.2265625 0.0609375
21 0.93671875 0.5515625 0.1265625 0.0671875
21 0.01875 0.62421875 0.0359375 0.0640625
21 0.15625 0.62578125 0.21875 0.059375
21 0.3921875 0.62734375 0.2265625 0.0578125
21 0.62734375 0.62109375 0.21875 0.0625
21 0.86328125 0.62109375 0.2203125 0.059375
21 0.98984375 0.6203125 0.0203125 0.0609375
21 0.0734375 0.6984375 0.146875 0.0671875
21 0.27578125 0.7015625 0.2265625 0.059375
21 0.5125 0.6984375 0.2203125 0.0671875
21 0.746875 0.69296875 0.2265625 0.059375
21 0.93984375 0.70390625 0.1203125 0.0640625
21 0.01875 0.77421875 0.028125 0.0671875
21 0.15390625 0.775 0.2234375 0.0640625
21 0.38828125 0.76953125 0.2203125 0.071875
21 0.62578125 0.771875 0.2328125 0.0625
21 0.85703125 0.77265625 0.2203125 0.0640625
21 0.98984375 0.7734375 0.0203125 0.0609375
21 0.07265625 0.84296875 0.1359375 0.0625
21 0.27109375 0.84609375 0.2203125 0.0609375
21 0.503125 0.84375 0.2109375 0.059375
21 0.740625 0.84375 0.21875 0.0734375
21 0.9296875 0.8484375 0.140625 0.06875
21 0.0203125 0.91875 0.0359375 0.0625
21 0.159375 0.91640625 0.2203125 0.0578125
21 0.39453125 0.91953125 0.21875 0.05625
21 0.62734375 0.91875 0.21875 0.0578125
21 0.86015625 0.9140625 0.21875 0.0625
21 0.9890625 0.9203125 0.021875 0.05625
21 0.078125 0.9765625 0.15625 0.046875
21 0.275 0.98125 0.215625 0.0375
21 0.50859375 0.98046875 0.221875 0.034375
21 0.7359375 0.9765625 0.215625 0.046875
21 0.93203125 0.98046875 0.1359375 0.0390625