21 0.03125 0.03046875 0.0625 0.0515625
21 0.13359375 0.03046875 0.1 0.0515625
21 0.3125 0.0265625 0.2078125 0.0484375
21 0.5 0.02578125 0.1015625 0.0515625
21 0.61953125 0.028125 0.103125 0.05625
21 0.73828125 0.02890625 0.1046875 0.0578125
21 0.9078125 0.0359375 0.184375 0.053125
21 0.0078125 0.1 0.015625 0.053125
21 0.1390625 0.10234375 0.2078125 0.0609375
21 0.3140625 0.09765625 0.1 0.0515625
21 0.43515625 0.09375 0.096875 0.05625
21 0.5546875 0.09921875 0.1015625 0.05625
21 0.7171875 0.09609375 0.2 0.0609375
21 0.89921875 0.10234375 0.096875 0.059375
21 0.98046875 0.10625 0.0390625 0.05625
21 0.034375 0.1734375 0.06875 0.059375
21 0.13515625 0.171875 0.1015625 0.0578125
21 0.25390625 0.1734375 0.096875 0.05625
21 0.37265625 0.1671875 0.103125 0.0609375
21 0.546875 0.16796875 0.209375 0.059375
21 0.7171875 0.17421875 0.103125 0.065625
21 0.89296875 0.17421875 0.2140625 0.0609375
21 0.0625 0.24921875 0.11875 0.0640625
21 0.18984375 0.240625 0.10625 0.0546875
21 0.3640625 0.23828125 0.2125 0.0546875
21 0.5421875 0.240625 0.1078125 0.0546875
21 0.70703125 0.24296875 0.20625 0.0578125
21 0.88125 0.24375 0.103125 0.0578125
21 0.9765625 0.2484375 0.046875 0.059375
21 0.03046875 0.3140625 0.0609375 0.05
21 0.1890625 0.31328125 0.2140625 0.0546875
21 0.36171875 0.309375 0.1015625 0.05
21 0.5359375 0.3109375 0.20625 0.0546875
21 0.70859375 0.31171875 0.0921875 0.053125
21 0.8828125 0.31484375 0.2078125 0.053125
21 0.05546875 0.390625 0.1109375 0.0578125
21 0.17265625 0.3890625 0.096875 0.0515625
21 0.34609375 0.3875 0.20625 0.0546875
21 0.51484375 0.38359375 0.0984375 0.0546875
21 0.6859375 0.38359375 0.203125 0.0578125
21 0.853125 0.38828125 0.1046875 0.05625
21 0.95625 0.39140625 0.0875 0.0546875
21 0.0375 0.46171875 0.075 0.0578125
21 0.19609375 0.4640625 0.209375 0.0609375
21 0.3640625 0.46328125 0.1015625 0.0578125
21 0.534375 0.459375 0.203125 0.059375
21 0.70859375 0.45703125 0.1015625 0.0546875
21 0.8703125 0.45859375 0.1953125 0.0578125
21 0.9921875 0.45859375 0.015625 0.0625
21 0.0609375 0.5328125 0.121875 0.05625
21 0.19140625 0.5359375 0.1046875 0.0546875
21 0.3640625 0.5359375 0.2125 0.0625
21 0.5359375 0.53125 0.1078125 0.0578125
21 0.70546875 0.5265625 0.2078125 0.0625
21 0.8734375 0.52734375 0.0984375 0.053125
21 0.97109375 0.5296875 0.0578125 0.05
21 0.04453125 0.60703125 0.0890625 0.0578125
21 0.2015625 0.60625 0.2109375 0.065625
21 0.37265625 0.60625 0.0984375 0.0578125
21 0.5421875 0.60546875 0.21875 0.053125
21 0.70703125 0.603125 0.0984375 0.05
21 0.87265625 0.60078125 0.2109375 0.0515625
21 0.9953125 0.6 0.009375 0.05
21 0.07265625 0.6734375 0.1453125 0.059375
21 0.2046875 0.6765625 0.0953125 0.0546875
21 0.37734375 0.67265625 0.2140625 0.0546875
21 0.55234375 0.6734375 0.1046875 0.059375
21 0.7171875 0.67421875 0.1984375 0.0515625
21 0.8859375 0.66953125 0.103125 0.0578125
21 0.9734375 0.66796875 0.053125 0.0546875
21 0.0484375 0.74375 0.096875 0.0578125
21 0.2171875 0.74453125 0.2140625 0.0578125
21 0.3828125 0.74453125 0.096875 0.05625
21 0.546875 0.7453125 0.203125 0.0625
21 0.71328125 0.74296875 0.1109375 0.0671875
21 0.8765625 0.7421875 0.1890625 0.053125
21 0.990625 0.7390625 0.01875 0.0578125
21 0.0765625 0.81328125 0.153125 0.05625
21 0.2125 0.81171875 0.09375 0.0515625
21 0.384375 0.81328125 0.215625 0.05625
21 0.5546875 0.8171875 0.1078125 0.0546875
21 0.7234375 0.81171875 0.20625 0.0515625
21 0.88671875 0.8125 0.1015625 0.05625
21 0.97421875 0.8109375 0.0515625 0.0546875
21 0.05390625 0.87890625 0.1078125 0.05
21 0.21796875 0.87578125 0.209375 0.0546875
21 0.384375 0.8796875 0.10625 0.0546875
21 0.5515625 0.88046875 0.209375 0.0578125
21 0.7203125 0.88203125 0.1046875 0.0546875
21 0.88046875 0.8765625 0.203125 0.053125
21 0.99375 0.871875 0.0125 0.0609375
21 0.078125 0.9421875 0.15625 0.053125
21 0.21953125 0.9390625 0.1015625 0.0546875
21 0.3875 0.94453125 0.2109375 0.05625
21 0.55546875 0.9453125 0.1046875 0.0484375
21 0.72265625 0.94453125 0.1953125 0.0515625
21 0.91640625 0.93984375 0.1671875 0.0546875
21 0.046875 0.98984375 0.0859375 0.0203125
21 0.21171875 0.9890625 0.2015625 0.021875
21 0.3796875 0.9890625 0.0984375 0.021875
21 0.54609375 0.990625 0.2015625 0.01875
21 0.71328125 0.9890625 0.103125 0.021875
21 0.871875 0.9890625 0.196875 0.021875
21 0.990625 0.98828125 0.01875 0.0234375