21 0.0614 0.0539568345323741 0.1228 0.1079136690647482
21 0.214752 0.05559352517985612 0.1623 0.11118705035971224
21 0.390868 0.05319544364508393 0.15987200000000001 0.10639088729016787
21 0.565788 0.052398081534772184 0.157708 0.10479016786570744
21 0.7421720000000002 0.04919664268585132 0.16114800000000004 0.09839328537170264
21 0.9188 0.05 0.1624 0.09999400479616308
21 0.021 0.18465227817745802 0.042 0.1211031175059952
21 0.133424 0.18131294964028777 0.15431600000000004 0.10603117505995205
21 0.306208 0.1775179856115108 0.16921599999999998 0.11042565947242208
21 0.477796 0.17591726618705036 0.16305599999999995 0.10723021582733813
21 0.6524479999999999 0.17531774580335732 0.165692 0.11163069544364505
21 0.829764 0.17371702637889688 0.163 0.114826139088729
21 0.9614 0.1723621103117506 0.0772 0.11690647482014388
21 0.06636399999999999 0.3098321342925659 0.13272799999999998 0.11127098321342924
21 0.223816 0.30703237410071943 0.1591 0.11366906474820142
21 0.397136 0.3078297362110312 0.164404 0.11526378896882493
21 0.57152 0.30663669064748206 0.161176 0.12086330935251796
21 0.747108 0.301636690647482 0.15767999999999993 0.11486211031175059
21 0.922024 0.301636690647482 0.155516 0.11486211031175059
21 0.025304 0.44014988009592326 0.050608 0.11610911270983218
21 0.137956 0.4389448441247002 0.15804800000000002 0.10571342925659467
21 0.309276 0.43414868105515586 0.15668400000000002 0.11210431654676259
21 0.47792799999999996 0.43414868105515586 0.16065599999999994 0.11210431654676259
21 0.65218 0.4347482014388489 0.15982800000000005 0.11730215827338135
21 0.8287 0.4303537170263789 0.16086399999999995 0.1165047961630695
21 0.9614 0.4274580335731415 0.0772 0.11510791366906475
21 0.068496 0.5628657074340527 0.136992 0.11374700239808148
21 0.229948 0.5628657074340527 0.15536400000000003 0.11374700239808148
21 0.4034 0.562068345323741 0.15826800000000002 0.11214628297362107
21 0.576188 0.5612709832134293 0.16250799999999999 0.11054556354916059
21 0.74884 0.5614688249400479 0.15847999999999993 0.10694844124700233
21 0.922132 0.557074340527578 0.15573199999999998 0.10615107913669061
21 0.027436000000000002 0.6949820143884892 0.054872000000000004 0.11498201438848919
21 0.14382400000000004 0.6891846522781774 0.159112 0.1105875299760192
21 0.313944 0.686390887290168 0.158016 0.1129856115107914
21 0.486728 0.686990407673861 0.16225599999999996 0.11818345323741014
21 0.6624479999999999 0.6907853717026379 0.15636000000000003 0.11378896882494016
21 0.8329639999999999 0.6877877697841727 0.15873199999999998 0.11978417266187061
21 0.962132 0.6853896882494005 0.07573199999999997 0.11498201438848919
21 0.06703200000000001 0.8135071942446044 0.133528 0.11142685851318952
21 0.220484 0.81310551558753 0.1551 0.11862110311750607
21 0.390336 0.8121043165467625 0.158804 0.1046282973621103
21 0.5577880000000001 0.8145083932853716 0.16304400000000005 0.10943045563549172
21 0.731508 0.8169064748201438 0.16114799999999996 0.11422661870503609
21 0.9048280000000001 0.8135071942446044 0.1557880000000001 0.11142685851318952
21 0.026904 0.938627098321343 0.053808 0.11386690647482005
21 0.13755599999999998 0.9362290167865708 0.15458000000000002 0.1090647482014389
21 0.309408 0.9380275779376499 0.154284 0.10866906474820157
21 0.475396 0.9380275779376499 0.15292399999999998 0.10866906474820157
21 0.64818 0.9370263788968826 0.15716399999999994 0.11066546762589936
21 0.816968 0.9422242206235013 0.15873600000000007 0.11306354916067154
21 0.9548 0.9418465227817746 0.0904 0.11630695443645084