21 0.14064372659176028 0.0238939606741573 0.24805009363295882 0.0477879213483146
21 0.4250304307116105 0.02248946629213483 0.2784293071161048 0.04497542134831461
21 0.7201825842696629 0.023191713483146068 0.28352996254681645 0.046383426966292135
21 0.9390215355805244 0.02600070224719101 0.12195692883895132 0.05200140449438202
21 0.05229166666666667 0.12363412921348316 0.10458333333333333 0.10400280898876406
21 0.1879307116104869 0.1236376404494382 0.136626872659176 0.1026123595505618
21 0.34334737827715356 0.1296067415730337 0.13847378277153558 0.1075316011235955
21 0.4951381086142322 0.1236376404494382 0.14008661048689133 0.1026123595505618
21 0.6471605805243446 0.12521769662921348 0.1374882958801499 0.10226123595505618
21 0.8021114232209737 0.1257443820224719 0.12903558052434452 0.10682584269662922
21 0.9460440074906367 0.12012640449438203 0.10791198501872659 0.10963483146067415
21 0.16615636704119852 0.2591924157303371 0.27566479400749067 0.10686797752808985
21 0.48471676029962546 0.258314606741573 0.28076076779026216 0.09457865168539323
21 0.7927434456928839 0.2563834269662921 0.2788366104868913 0.10124999999999997
21 0.9717930711610487 0.2539255617977528 0.05641385767790262 0.10335674157303368
21 0.05884597378277153 0.38333567415730335 0.11768960674157303 0.10585323033707862
21 0.20419709737827715 0.38895365168539325 0.14341292134831463 0.10304775280898877
21 0.3548174157303371 0.38912921348314605 0.13800327715355798 0.09988412921348312
21 0.5041479400749064 0.3880758426966292 0.13704353932584265 0.10480337078651686
21 0.6569920411985019 0.38912921348314605 0.1384222846441948 0.09988412921348312
21 0.8139302434456929 0.3863202247191011 0.14097144194756564 0.10831460674157305
21 0.9460440074906367 0.3880758426966292 0.10791198501872659 0.10480337078651686
21 0.013909176029962547 0.5150280898876405 0.027818352059925094 0.10940660112359556
21 0.19307350187265918 0.5176615168539326 0.26863764044943816 0.10413974719101128
21 0.48050327715355806 0.5148490168539326 0.26297284644194757 0.0985217696629214
21 0.7709761235955056 0.5115133426966292 0.26807350187265916 0.10238061797752807
21 0.9665262172284644 0.5174859550561798 0.06694756554307116 0.10729985955056184
21 0.05135533707865168 0.6582303370786518 0.10271067415730337 0.10789325842696636
21 0.18512172284644196 0.6613904494382022 0.14224485018726588 0.10719101123595513
21 0.33164559925093634 0.6603370786516854 0.13379447565543076 0.09805828651685393
21 0.4819124531835206 0.6594592696629213 0.13470739700374537 0.09981390449438202
21 0.630308988764045 0.6538412921348314 0.1318726591760299 0.10262289325842695
21 0.7764817415730337 0.655245786516854 0.1316151685393259 0.1054318820224719
21 0.9273338014981275 0.6550702247191011 0.14071863295880152 0.10859199438202247
21 0.09910112359550562 0.7909761235955055 0.1981999063670412 0.10652738764044956
21 0.3505992509363296 0.7913272471910112 0.2700163857677902 0.10020716292134843
21 0.6417720037453184 0.7922050561797752 0.2718398876404495 0.11249999999999988
21 0.8968867041198502 0.791502808988764 0.20622659176029962 0.09704705056179787
21 0.06586610486891385 0.9323244382022473 0.1317322097378277 0.10481741573033723
21 0.20782537453183522 0.9340800561797754 0.13428370786516855 0.10130617977528106
21 0.35142322097378276 0.925122893258427 0.13355805243445693 0.09392907303370794
21 0.5052013108614232 0.9284620786516855 0.13680945692883892 0.104115168539326
21 0.6537148876404495 0.9268820224719102 0.14123127340823974 0.10446278089887648
21 0.7984831460674157 0.927057584269663 0.1325468164794007 0.10130266853932592
21 0.9360955056179775 0.9244241573033709 0.12780898876404495 0.10656952247191019