21 0.07734375 0.03828125 0.1546875 0.0765625
21 0.32890625 0.0390625 0.3375 0.078125
21 0.67265625 0.0375 0.3328125 0.075
21 0.9234375 0.03671875 0.15 0.0734375
21 0.171875 0.121875 0.340625 0.071875
21 0.51796875 0.12109375 0.3375 0.078125
21 0.84453125 0.1171875 0.3109375 0.075
21 0.08203125 0.2046875 0.1640625 0.075
21 0.3390625 0.20390625 0.3328125 0.0734375
21 0.67890625 0.20234375 0.3359375 0.0703125
21 0.9265625 0.2015625 0.146875 0.075
21 0.17265625 0.28984375 0.3453125 0.0734375
21 0.52109375 0.28828125 0.3359375 0.078125
21 0.84609375 0.2875 0.3078125 0.078125
21 0.08046875 0.3765625 0.1609375 0.071875
21 0.33671875 0.37890625 0.3328125 0.075
21 0.678125 0.37421875 0.334375 0.08125
21 0.9234375 0.37578125 0.153125 0.0796875
21 0.171875 0.46015625 0.34375 0.071875
21 0.51640625 0.4609375 0.33125 0.0734375
21 0.846875 0.4609375 0.30625 0.0765625
21 0.08046875 0.5453125 0.1609375 0.078125
21 0.33359375 0.54453125 0.3375 0.075
21 0.67734375 0.54375 0.3375 0.08125
21 0.925 0.54296875 0.15 0.0796875
21 0.16953125 0.63125 0.3375 0.075
21 0.51328125 0.63203125 0.334375 0.075
21 0.84375 0.6296875 0.3125 0.075
21 0.08515625 0.7125 0.1703125 0.075
21 0.340625 0.71328125 0.325 0.075
21 0.67734375 0.7140625 0.3375 0.078125
21 0.925 0.7140625 0.15 0.0796875
21 0.1671875 0.79765625 0.334375 0.0796875
21 0.50859375 0.796875 0.325 0.0765625
21 0.83984375 0.79765625 0.3203125 0.0765625
21 0.0828125 0.8828125 0.165625 0.078125
21 0.334375 0.88203125 0.3328125 0.075
21 0.67734375 0.88359375 0.334375 0.0796875
21 0.92421875 0.88046875 0.1515625 0.0765625
21 0.165625 0.9609375 0.33125 0.075
21 0.50390625 0.96171875 0.328125 0.0765625