32 0.675 0.21875 0.0390625 0.125
32 0.21640625 0.22708333333333333 0.0390625 0.12291666666666666
32 0.609375 0.5645833333333333 0.096875 0.16875
32 0.50234375 0.6072916666666667 0.0625 0.18541666666666667
32 0.60234375 0.075 0.04375 0.08333333333333333
32 0.46484375 0.825 0.0765625 0.28541666666666665
32 0.21484375 0.090625 0.0203125 0.052083333333333336
32 0.278125 0.11458333333333333 0.0234375 0.058333333333333334
32 0.26640625 0.11875 0.0203125 0.06041666666666667
32 0.32109375 0.12083333333333333 0.028125 0.06875
32 0.2359375 0.12916666666666668 0.025 0.09583333333333334
32 0.62734375 0.20729166666666668 0.028125 0.08541666666666667