32 0.39296875 0.5229166666666667 0.0609375 0.058333333333333334
32 0.59296875 0.5645833333333333 0.1171875 0.17916666666666667
32 0.07734375 0.603125 0.075 0.21666666666666667
32 0.50390625 0.6072916666666667 0.0640625 0.17916666666666667
32 0.86953125 0.7302083333333333 0.0671875 0.26458333333333334
32 0.82265625 0.7447916666666666 0.0703125 0.2520833333333333
32 0.4515625 0.7552083333333334 0.0734375 0.15208333333333332
32 0.45234375 0.8854166666666666 0.08125 0.22916666666666666
32 0.21171875 0.09166666666666666 0.0234375 0.08333333333333333
32 0.58359375 0.9208333333333333 0.0875 0.15833333333333333
32 0.625 0.9229166666666667 0.171875 0.15416666666666667
32 0.66484375 0.9291666666666667 0.0953125 0.14166666666666666
32 0.278125 0.11666666666666667 0.025 0.0625
32 0.3203125 0.12083333333333333 0.0296875 0.06875
32 0.61328125 0.16354166666666667 0.0390625 0.12083333333333333
32 0.6484375 0.171875 0.03125 0.1125