32 0.25703125 0.24375 0.0359375 0.13125
32 0.71953125 0.29583333333333334 0.0453125 0.15208333333333332
32 0.678125 0.29583333333333334 0.0484375 0.17083333333333334
32 0.76953125 0.303125 0.0390625 0.14166666666666666
32 0.63046875 0.30833333333333335 0.040625 0.15833333333333333
32 0.8875 0.43333333333333335 0.04375 0.1625
32 0.71328125 0.4427083333333333 0.05625 0.18333333333333332
32 0.846875 0.446875 0.065625 0.175
32 0.77734375 0.45 0.059375 0.18541666666666667
32 0.4078125 0.5302083333333333 0.0328125 0.04375
32 0.61171875 0.5833333333333334 0.0828125 0.125
32 0.50234375 0.596875 0.0609375 0.15833333333333333
32 0.4828125 0.7572916666666667 0.0734375 0.23333333333333334
32 0.3609375 0.9041666666666667 0.071875 0.19166666666666668
32 0.27734375 0.115625 0.021875 0.058333333333333334
32 0.3203125 0.13333333333333333 0.0265625 0.05
32 0.209375 0.14166666666666666 0.021875 0.08333333333333333
32 0.7609375 0.19166666666666668 0.0359375 0.09583333333333334
32 0.721875 0.20208333333333334 0.040625 0.075