32 0.74140625 0.23020833333333332 0.0328125 0.09375
32 0.75703125 0.33229166666666665 0.0453125 0.16041666666666668
32 0.8578125 0.3333333333333333 0.0546875 0.15416666666666667
32 0.81640625 0.3416666666666667 0.05 0.15416666666666667
32 0.709375 0.3854166666666667 0.0546875 0.2
32 0.73515625 0.3885416666666667 0.0546875 0.20833333333333334
32 0.6640625 0.39166666666666666 0.0515625 0.18958333333333333
32 0.6171875 0.40208333333333335 0.0546875 0.18541666666666667
32 0.59921875 0.5666666666666667 0.109375 0.16666666666666666
32 0.50390625 0.60625 0.0625 0.18125
32 0.45 0.684375 0.0421875 0.06458333333333334
32 0.4609375 0.8364583333333333 0.0640625 0.28541666666666665
32 0.284375 0.09895833333333333 0.0296875 0.03958333333333333
32 0.31953125 0.11979166666666667 0.028125 0.06666666666666667
32 0.16015625 0.16354166666666667 0.025 0.1125
32 0.2765625 0.165625 0.03125 0.10625
32 0.246875 0.17083333333333334 0.0328125 0.10416666666666667