32 0.684375 0.2677083333333333 0.0390625 0.13958333333333334
32 0.390625 0.49895833333333334 0.0359375 0.05625
32 0.4078125 0.5333333333333333 0.0359375 0.05
32 0.6015625 0.56875 0.1078125 0.175
32 0.50390625 0.60625 0.0625 0.17916666666666667
32 0.45703125 0.7302083333333333 0.0578125 0.12916666666666668
32 0.4765625 0.8625 0.0953125 0.275
32 0.2125 0.103125 0.025 0.08125
32 0.27890625 0.11666666666666667 0.0234375 0.06041666666666667
32 0.2671875 0.11770833333333333 0.025 0.06041666666666667
32 0.3203125 0.12083333333333333 0.028125 0.06875
32 0.64140625 0.159375 0.028125 0.07708333333333334