32 0.2421875 0.24791666666666667 0.0359375 0.11041666666666666
32 0.33203125 0.259375 0.04375 0.13958333333333334
32 0.37421875 0.26875 0.040625 0.1375
32 0.43671875 0.3541666666666667 0.0515625 0.15833333333333333
32 0.35703125 0.36666666666666664 0.040625 0.17083333333333334
32 0.22109375 0.37395833333333334 0.0421875 0.15
32 0.18515625 0.37916666666666665 0.04375 0.16458333333333333
32 0.68046875 0.41770833333333335 0.0625 0.17708333333333334
32 0.62578125 0.453125 0.0578125 0.18125
32 0.390625 0.5177083333333333 0.0296875 0.06458333333333334
32 0.41796875 0.528125 0.034375 0.06041666666666667
32 0.8203125 0.534375 0.0625 0.22083333333333333
32 0.896875 0.5489583333333333 0.0484375 0.2125
32 0.65703125 0.559375 0.06875 0.22083333333333333
32 0.50390625 0.6072916666666667 0.065625 0.18125
32 0.20078125 0.7416666666666667 0.053125 0.10833333333333334
32 0.1921875 0.8510416666666667 0.0890625 0.2875
32 0.0625 0.8541666666666666 0.0921875 0.2791666666666667
32 0.2234375 0.09895833333333333 0.0296875 0.05625
32 0.2484375 0.115625 0.0203125 0.08541666666666667
32 0.30703125 0.11875 0.03125 0.075
32 0.19453125 0.14166666666666666 0.034375 0.07916666666666666
32 0.67421875 0.15208333333333332 0.0328125 0.09583333333333334
32 0.7140625 0.16458333333333333 0.0703125 0.1
32 0.22734375 0.17291666666666666 0.03125 0.0625