32 0.7046875 0.22708333333333333 0.0296875 0.1
32 0.43515625 0.24166666666666667 0.0625 0.10833333333333334
32 0.75234375 0.25833333333333336 0.0390625 0.12291666666666666
32 0.3375 0.27291666666666664 0.0546875 0.14583333333333334
32 0.240625 0.3 0.0296875 0.1
32 0.30390625 0.3020833333333333 0.040625 0.09166666666666666
32 0.265625 0.3416666666666667 0.0390625 0.14583333333333334
32 0.69765625 0.346875 0.0609375 0.15833333333333333
32 0.38671875 0.39895833333333336 0.0515625 0.175
32 0.31015625 0.421875 0.046875 0.17708333333333334
32 0.35390625 0.42291666666666666 0.05 0.2
32 0.19765625 0.43333333333333335 0.0375 0.19583333333333333
32 0.05859375 0.44479166666666664 0.046875 0.07708333333333334
32 0.23828125 0.44583333333333336 0.0546875 0.18333333333333332
32 0.11015625 0.475 0.05625 0.15
32 0.06484375 0.5666666666666667 0.053125 0.2
32 0.50390625 0.609375 0.065625 0.17916666666666667
32 0.11953125 0.6302083333333334 0.059375 0.21041666666666667
32 0.20625 0.7427083333333333 0.0515625 0.09375
32 0.18984375 0.8510416666666667 0.0921875 0.29375
32 0.18671875 0.103125 0.03125 0.06041666666666667
32 0.6671875 0.15104166666666666 0.0296875 0.09583333333333334
32 0.33671875 0.16145833333333334 0.0375 0.11458333333333333
32 0.2390625 0.165625 0.0515625 0.13125
32 0.3046875 0.16666666666666666 0.0390625 0.12916666666666668
32 0.1953125 0.17708333333333334 0.0390625 0.125
32 0.73125 0.18333333333333332 0.040625 0.11875