32 0.28828125 0.2125 0.034375 0.1125
32 0.33984375 0.2604166666666667 0.0359375 0.13541666666666666
32 0.62109375 0.265625 0.0421875 0.12916666666666668
32 0.6625 0.2677083333333333 0.0453125 0.14583333333333334
32 0.78515625 0.26875 0.0453125 0.14375
32 0.6984375 0.2760416666666667 0.040625 0.13125
32 0.66796875 0.296875 0.0375 0.13958333333333334
32 0.5703125 0.503125 0.0453125 0.06041666666666667
32 0.79140625 0.503125 0.0609375 0.21875
32 0.7265625 0.5135416666666667 0.0578125 0.22916666666666666
32 0.8484375 0.5166666666666667 0.059375 0.2125
32 0.40859375 0.5302083333333333 0.046875 0.05625
32 0.68359375 0.5375 0.0609375 0.21666666666666667
32 0.565625 0.5895833333333333 0.0609375 0.15833333333333333
32 0.503125 0.60625 0.0609375 0.17916666666666667
32 0.46015625 0.721875 0.05625 0.1125
32 0.46484375 0.865625 0.0765625 0.26875
32 0.2765625 0.11666666666666667 0.021875 0.058333333333333334
32 0.26953125 0.11875 0.01875 0.058333333333333334
32 0.2390625 0.13541666666666666 0.028125 0.10208333333333333
32 0.3125 0.20104166666666667 0.028125 0.08125