32 0.6640625 0.22083333333333333 0.0421875 0.13333333333333333
32 0.8171875 0.24583333333333332 0.046875 0.125
32 0.7515625 0.25729166666666664 0.04375 0.13958333333333334
32 0.278125 0.27708333333333335 0.040625 0.12916666666666668
32 0.33046875 0.278125 0.034375 0.12291666666666666
32 0.39140625 0.521875 0.053125 0.058333333333333334
32 0.59375 0.5635416666666667 0.0796875 0.18125
32 0.55546875 0.56875 0.046875 0.15
32 0.50234375 0.60625 0.0578125 0.17916666666666667
32 0.828125 0.6885416666666667 0.0765625 0.26875
32 0.73359375 0.7291666666666666 0.0890625 0.3375
32 0.4625 0.73125 0.046875 0.12083333333333333
32 0.91640625 0.7364583333333333 0.0734375 0.2604166666666667
32 0.575 0.821875 0.0859375 0.31875
32 0.6640625 0.8489583333333334 0.06875 0.26875
32 0.45546875 0.865625 0.0921875 0.26875
32 0.315625 0.11458333333333333 0.0296875 0.07916666666666666
32 0.19296875 0.11458333333333333 0.0234375 0.075
32 0.27734375 0.11666666666666667 0.028125 0.06041666666666667
32 0.24921875 0.153125 0.028125 0.09791666666666667
32 0.30703125 0.16458333333333333 0.03125 0.07916666666666666