32 0.278125 0.2947916666666667 0.0453125 0.13958333333333334
32 0.3609375 0.2989583333333333 0.0390625 0.13333333333333333
32 0.23125 0.30416666666666664 0.046875 0.14166666666666666
32 0.390625 0.5197916666666667 0.0296875 0.06875
32 0.4109375 0.5302083333333333 0.0328125 0.052083333333333336
32 0.50390625 0.609375 0.0640625 0.18125
32 0.06484375 0.6447916666666667 0.08125 0.21041666666666667
32 0.77578125 0.7197916666666667 0.084375 0.24375
32 0.02265625 0.7791666666666667 0.04375 0.2708333333333333
32 0.05625 0.8229166666666666 0.0828125 0.25
32 0.19140625 0.8479166666666667 0.0921875 0.3
32 0.190625 0.109375 0.0359375 0.08958333333333333
32 0.30703125 0.11875 0.0328125 0.07291666666666667
32 0.61640625 0.16666666666666666 0.034375 0.09583333333333334
32 0.68125 0.178125 0.0453125 0.13125