32 0.63359375 0.22395833333333334 0.0359375 0.12291666666666666
32 0.66640625 0.22916666666666666 0.0421875 0.13333333333333333
32 0.325 0.24583333333333332 0.0296875 0.10625
32 0.28828125 0.25104166666666666 0.0390625 0.125
32 0.784375 0.2677083333333333 0.05 0.14375
32 0.79921875 0.271875 0.0296875 0.18125
32 0.58203125 0.5760416666666667 0.1046875 0.17291666666666666
32 0.503125 0.60625 0.0609375 0.18125
32 0.815625 0.625 0.065625 0.2625
32 0.74453125 0.6291666666666667 0.078125 0.2625
32 0.778125 0.6291666666666667 0.1375 0.2791666666666667
32 0.87265625 0.640625 0.0625 0.24166666666666667
32 0.68515625 0.6739583333333333 0.0734375 0.25
32 0.45390625 0.728125 0.0546875 0.125
32 0.45546875 0.8645833333333334 0.08125 0.2708333333333333
32 0.609375 0.9020833333333333 0.096875 0.19583333333333333
32 0.71328125 0.9322916666666666 0.0890625 0.13541666666666666
32 0.278125 0.11666666666666667 0.025 0.058333333333333334
32 0.246875 0.15 0.0265625 0.10416666666666667