32 0.7078125 0.265625 0.04375 0.13125
32 0.778125 0.26875 0.046875 0.1375
32 0.2625 0.2864583333333333 0.0359375 0.10208333333333333
32 0.3046875 0.28958333333333336 0.0390625 0.125
32 0.365625 0.30416666666666664 0.04375 0.1625
32 0.65234375 0.30520833333333336 0.053125 0.13541666666666666
32 0.22421875 0.3104166666666667 0.034375 0.075
32 0.26875 0.35625 0.0359375 0.06666666666666667
32 0.22109375 0.4 0.040625 0.16666666666666666
32 0.334375 0.44375 0.0578125 0.20833333333333334
32 0.26015625 0.4625 0.0515625 0.17708333333333334
32 0.41328125 0.4875 0.028125 0.05
32 0.3890625 0.5208333333333334 0.0171875 0.06666666666666667
32 0.021875 0.521875 0.04375 0.18958333333333333
32 0.40859375 0.5291666666666667 0.03125 0.058333333333333334
32 0.06953125 0.5416666666666666 0.053125 0.23333333333333334
32 0.15703125 0.571875 0.065625 0.2
32 0.50390625 0.6083333333333333 0.065625 0.17916666666666667
32 0.2203125 0.8020833333333334 0.0640625 0.24166666666666667
32 0.1890625 0.8479166666666667 0.09375 0.3020833333333333
32 0.1875 0.11041666666666666 0.0203125 0.07916666666666666
32 0.6671875 0.15104166666666666 0.0296875 0.09583333333333334
32 0.2859375 0.15625 0.0328125 0.1125
32 0.31796875 0.15729166666666666 0.0375 0.10208333333333333
32 0.7640625 0.16666666666666666 0.0390625 0.09375
32 0.721875 0.17916666666666667 0.0375 0.07916666666666666
32 0.22109375 0.19270833333333334 0.03125 0.1125
32 0.2625 0.19270833333333334 0.034375 0.11458333333333333