32 0.63203125 0.22916666666666666 0.0375 0.09166666666666666
32 0.240625 0.23645833333333333 0.040625 0.13541666666666666
32 0.2015625 0.24479166666666666 0.0328125 0.13958333333333334
32 0.1859375 0.26145833333333335 0.0546875 0.14375
32 0.38828125 0.5239583333333333 0.03125 0.07708333333333334
32 0.4078125 0.5333333333333333 0.0296875 0.05416666666666667
32 0.6015625 0.5677083333333334 0.10625 0.17083333333333334
32 0.50390625 0.6083333333333333 0.0625 0.17708333333333334
32 0.0265625 0.609375 0.053125 0.23125
32 0.471875 0.8239583333333333 0.0828125 0.28958333333333336
32 0.6296875 0.08541666666666667 0.0390625 0.07916666666666666
32 0.22890625 0.090625 0.0234375 0.06875
32 0.7609375 0.9510416666666667 0.1 0.09791666666666667
32 0.26640625 0.13333333333333333 0.028125 0.09583333333333334
32 0.76171875 0.16458333333333333 0.040625 0.11041666666666666
32 0.67421875 0.20104166666666667 0.0390625 0.12291666666666666