32 0.66953125 0.21145833333333333 0.0359375 0.08958333333333333
32 0.63203125 0.21979166666666666 0.0359375 0.11666666666666667
32 0.6140625 0.22604166666666667 0.0328125 0.11458333333333333
32 0.71015625 0.23645833333333333 0.04375 0.13333333333333333
32 0.23828125 0.240625 0.028125 0.03958333333333333
32 0.396875 0.30520833333333336 0.04375 0.15
32 0.30703125 0.30625 0.0375 0.13333333333333333
32 0.6703125 0.3125 0.05 0.1625
32 0.35546875 0.3145833333333333 0.0453125 0.13958333333333334
32 0.79296875 0.3229166666666667 0.05 0.15208333333333332
32 0.7234375 0.33229166666666665 0.040625 0.13958333333333334
32 0.28515625 0.35104166666666664 0.05625 0.18125
32 0.24140625 0.35520833333333335 0.0484375 0.16041666666666668
32 0.82734375 0.3875 0.05625 0.20625
32 0.88515625 0.39479166666666665 0.0578125 0.18333333333333332
32 0.1421875 0.46145833333333336 0.05 0.1875
32 0.1015625 0.46458333333333335 0.0640625 0.20208333333333334
32 0.74921875 0.4822916666666667 0.059375 0.11875
32 0.38984375 0.521875 0.0515625 0.06041666666666667
32 0.59296875 0.5645833333333333 0.11875 0.16666666666666666
32 0.503125 0.6072916666666667 0.0609375 0.17916666666666667
32 0.94140625 0.75 0.084375 0.27291666666666664
32 0.853125 0.7854166666666667 0.0828125 0.30416666666666664
32 0.78046875 0.809375 0.071875 0.275
32 0.4515625 0.8208333333333333 0.084375 0.3
32 0.22109375 0.12083333333333333 0.0234375 0.052083333333333336
32 0.27421875 0.12083333333333333 0.040625 0.09166666666666666
32 0.33046875 0.16666666666666666 0.025 0.09583333333333334
32 0.23359375 0.20625 0.028125 0.0375