32 0.29296875 0.246875 0.0375 0.16041666666666668
32 0.2609375 0.25104166666666666 0.0203125 0.13541666666666666
32 0.3609375 0.27708333333333335 0.0390625 0.0875
32 0.6890625 0.29270833333333335 0.0546875 0.17291666666666666
32 0.62890625 0.29583333333333334 0.04375 0.17083333333333334
32 0.14296875 0.46145833333333336 0.05 0.23541666666666666
32 0.19765625 0.47708333333333336 0.046875 0.20416666666666666
32 0.23671875 0.5458333333333333 0.071875 0.21666666666666667
32 0.51171875 0.6041666666666666 0.078125 0.18333333333333332
32 0.77109375 0.6791666666666667 0.05625 0.2625
32 0.715625 0.6854166666666667 0.0421875 0.26666666666666666
32 0.85390625 0.796875 0.0765625 0.28958333333333336
32 0.2171875 0.8208333333333333 0.0671875 0.25416666666666665
32 0.93515625 0.840625 0.0640625 0.27291666666666664
32 0.178125 0.853125 0.0640625 0.28541666666666665
32 0.7484375 0.9135416666666667 0.0796875 0.17291666666666666
32 0.85234375 0.9427083333333334 0.0703125 0.11458333333333333
32 0.20625 0.12083333333333333 0.0234375 0.041666666666666664
32 0.2515625 0.153125 0.0296875 0.11458333333333333
32 0.28984375 0.15416666666666667 0.0375 0.07916666666666666
32 0.34453125 0.16041666666666668 0.040625 0.1375
32 0.62109375 0.165625 0.096875 0.11041666666666666
32 0.21796875 0.18229166666666666 0.04375 0.11875