32 0.27109375 0.2833333333333333 0.046875 0.12083333333333333
32 0.3890625 0.28541666666666665 0.040625 0.13541666666666666
32 0.3609375 0.28854166666666664 0.0453125 0.13958333333333334
32 0.196875 0.3104166666666667 0.034375 0.13541666666666666
32 0.68203125 0.334375 0.046875 0.11041666666666666
32 0.26484375 0.42604166666666665 0.059375 0.17708333333333334
32 0.3890625 0.5208333333333334 0.0515625 0.058333333333333334
32 0.596875 0.5645833333333333 0.1140625 0.16666666666666666
32 0.103125 0.56875 0.075 0.24791666666666667
32 0.03046875 0.5833333333333334 0.0609375 0.225
32 0.50234375 0.6010416666666667 0.0609375 0.16875
32 0.453125 0.8166666666666667 0.1109375 0.28958333333333336
32 0.909375 0.8177083333333334 0.0921875 0.28541666666666665
32 0.22890625 0.084375 0.034375 0.07708333333333334
32 0.675 0.12916666666666668 0.03125 0.08125
32 0.21875 0.14375 0.0203125 0.10416666666666667
32 0.27265625 0.15416666666666667 0.03125 0.09791666666666667
32 0.7203125 0.16458333333333333 0.0359375 0.1125
32 0.2421875 0.19270833333333334 0.0328125 0.12916666666666668
32 0.19140625 0.19479166666666667 0.040625 0.11875