32 0.68125 0.24791666666666667 0.0375 0.14791666666666667
32 0.7578125 0.2604166666666667 0.040625 0.13541666666666666
32 0.33828125 0.28020833333333334 0.04375 0.14791666666666667
32 0.29296875 0.290625 0.0453125 0.14375
32 0.725 0.31145833333333334 0.0484375 0.09375
32 0.2484375 0.315625 0.05 0.16875
32 0.19765625 0.32708333333333334 0.0453125 0.14791666666666667
32 0.27265625 0.40520833333333334 0.0578125 0.21458333333333332
32 0.33203125 0.42604166666666665 0.05 0.1625
32 0.8578125 0.44166666666666665 0.0484375 0.16041666666666668
32 0.81484375 0.44583333333333336 0.053125 0.175
32 0.39375 0.5083333333333333 0.05625 0.08541666666666667
32 0.75703125 0.5135416666666667 0.0625 0.21875
32 0.72890625 0.5197916666666667 0.109375 0.22291666666666668
32 0.70546875 0.5291666666666667 0.059375 0.19583333333333333
32 0.5921875 0.5625 0.1171875 0.16666666666666666
32 0.89609375 0.58125 0.065625 0.23958333333333334
32 0.8328125 0.5864583333333333 0.05625 0.24166666666666667
32 0.503125 0.6 0.0609375 0.1625
32 0.06796875 0.6229166666666667 0.059375 0.21875
32 0.02421875 0.6291666666666667 0.046875 0.23958333333333334
32 0.4765625 0.7229166666666667 0.0640625 0.14791666666666667
32 0.934375 0.7614583333333333 0.078125 0.2625
32 0.73359375 0.7625 0.103125 0.26666666666666666
32 0.1609375 0.8645833333333334 0.075 0.2708333333333333
32 0.4765625 0.8677083333333333 0.0734375 0.2520833333333333
32 0.1953125 0.15 0.0265625 0.08125
32 0.29921875 0.20208333333333334 0.0328125 0.075
32 0.6328125 0.203125 0.0359375 0.13125
32 0.3578125 0.20625 0.0703125 0.12083333333333333