21 0.25390625 0.09458333333333334 0.5078125 0.18916666666666668
21 0.6470468749999999 0.08985 0.2258697916666667 0.17969166666666667
21 0.897265625 0.09318333333333333 0.20546875 0.18635833333333332
21 0.10659895833333333 0.3626 0.21319791666666665 0.2077
21 0.3085364583333333 0.35385 0.13218229166666665 0.198525
21 0.522578125 0.36280833333333334 0.23734375000000002 0.20395000000000002
21 0.8014635416666667 0.346975 0.2378229166666666 0.20560833333333334
21 0.9805989583333333 0.345725 0.038802083333333334 0.2114416666666667
21 0.2576145833333333 0.6199333333333333 0.5152291666666666 0.2098666666666666
21 0.7716145833333333 0.6163833333333333 0.45677083333333335 0.22028333333333328
21 0.10985416666666666 0.895 0.21918749999999998 0.21
21 0.30841145833333333 0.8960416666666666 0.11369270833333331 0.20791666666666667
21 0.5175 0.891875 0.2245885416666666 0.21625
21 0.7820625 0.895 0.22245833333333329 0.21
21 0.9708333333333333 0.8877083333333333 0.058333333333333334 0.22458333333333333