21 0.1671875 0.0546875 0.3234375 0.0984375
21 0.5046875 0.05546875 0.3203125 0.0828125
21 0.83671875 0.05703125 0.321875 0.0859375
21 0.08203125 0.15546875 0.1640625 0.078125
21 0.33515625 0.159375 0.3140625 0.0765625
21 0.66796875 0.1609375 0.3265625 0.08125
21 0.91953125 0.15859375 0.1484375 0.071875
21 0.16328125 0.25703125 0.3171875 0.078125
21 0.50078125 0.25859375 0.3203125 0.08125
21 0.8328125 0.26015625 0.3109375 0.0875
21 0.08203125 0.35625 0.1640625 0.078125
21 0.3359375 0.359375 0.315625 0.0859375
21 0.66796875 0.35703125 0.3265625 0.0859375
21 0.92109375 0.35703125 0.1578125 0.078125
21 0.16796875 0.45546875 0.321875 0.078125
21 0.503125 0.4546875 0.315625 0.08125
21 0.83515625 0.459375 0.3046875 0.0859375
21 0.08203125 0.5546875 0.1640625 0.08125
21 0.33359375 0.55625 0.3140625 0.075
21 0.66640625 0.55546875 0.3140625 0.078125
21 0.92109375 0.5546875 0.1578125 0.0828125
21 0.16953125 0.65703125 0.321875 0.08125
21 0.5 0.653125 0.3109375 0.0828125
21 0.83515625 0.6578125 0.309375 0.0796875
21 0.0765625 0.7578125 0.153125 0.0828125
21 0.33515625 0.75703125 0.3140625 0.0765625
21 0.66640625 0.75703125 0.3203125 0.08125
21 0.92109375 0.75390625 0.1578125 0.0796875
21 0.1671875 0.8578125 0.3109375 0.0828125
21 0.5 0.8578125 0.3109375 0.0828125
21 0.83359375 0.853125 0.3203125 0.0828125
21 0.078125 0.95859375 0.15625 0.0828125
21 0.33125 0.9578125 0.3125 0.084375
21 0.66328125 0.95859375 0.3046875 0.0828125
21 0.92265625 0.9578125 0.1546875 0.084375