21 0.22834000000000002 0.053380000000000004 0.45668000000000003 0.10676000000000001
21 0.7524400000000001 0.04894 0.49511999999999995 0.09788
21 0.151 0.17 0.302 0.108
21 0.47722000000000003 0.1754 0.3002 0.10101999999999998
21 0.8324400000000001 0.17696 0.3351199999999999 0.10857999999999998
21 0.085 0.301 0.17 0.102
21 0.50252 0.30519999999999997 0.6086199999999999 0.11174
21 0.92022 0.30542 0.15955999999999995 0.10774
21 0.13058 0.43210000000000004 0.26116 0.10331999999999994
21 0.48966000000000004 0.43633999999999995 0.41395999999999994 0.11622000000000003
21 0.86688 0.439 0.26622 0.10377999999999997
21 0.25056 0.5594600000000001 0.50112 0.10470000000000004
21 0.76022 0.55924 0.47955999999999993 0.10870000000000005
21 0.08 0.693 0.16 0.122
21 0.50742 0.69238 0.62728 0.11274
21 0.919 0.683 0.162 0.118
21 0.15546000000000001 0.82172 0.31092000000000003 0.11368000000000006
21 0.49098 0.82394 0.3010799999999999 0.10922000000000003
21 0.83466 0.8244 0.33066000000000006 0.10122000000000003
21 0.235 0.953 0.47 0.09
21 0.76578 0.95466 0.4684400000000001 0.09066000000000009